171.6750 -43.5250
171.7250 -43.5250
171.7750 -43.5250
171.8250 -43.5250
171.8750 -43.5250
171.9250 -43.5250
171.9750 -43.5250
172.0250 -43.5250
172.0750 -43.5250
172.1250 -43.5250
172.1750 -43.5250
172.2250 -43.5250
172.2750 -43.5250
172.3250 -43.5250
172.3750 -43.5250
172.4250 -43.5250
172.4750 -43.5250
172.5250 -43.5250
172.5750 -43.5250
172.6250 -43.5250
172.6750 -43.5250
172.7250 -43.5250
172.7750 -43.5250
172.8250 -43.5250
172.8750 -43.5250
172.9250 -43.5250
172.9750 -43.5250
173.0250 -43.5250
173.0750 -43.5250
173.1250 -43.5250
173.1750 -43.5250
173.2250 -43.5250
173.2750 -43.5250
173.3250 -43.5250
173.3750 -43.5250
173.4250 -43.5250
173.4750 -43.5250
173.5250 -43.5250
173.5750 -43.5250
173.6250 -43.5250
173.6750 -43.5250
173.7250 -43.5250
173.7750 -43.5250
173.8250 -43.5250
173.8750 -43.5250
173.9250 -43.5250
173.9750 -43.5250
174.0250 -43.5250
174.0750 -43.5250
174.1250 -43.5250
174.1750 -43.5250
174.2250 -43.5250
174.2750 -43.5250
174.3250 -43.5250
174.3750 -43.5250
174.4250 -43.5250
174.4750 -43.5250
174.5250 -43.5250
174.5750 -43.5250
174.6250 -43.5250
174.6750 -43.5250
174.7250 -43.5250
174.7750 -43.5250
174.8250 -43.5250
174.8750 -43.5250
174.9250 -43.5250
174.9750 -43.5250
175.0250 -43.5250
175.0750 -43.5250
175.1250 -43.5250
175.1750 -43.5250
175.2250 -43.5250
175.2750 -43.5250
175.3250 -43.5250
175.3750 -43.5250
175.4250 -43.5250
175.4750 -43.5250
171.6750 -43.4750
171.7250 -43.4750
171.7750 -43.4750
171.8250 -43.4750
171.8750 -43.4750
171.9250 -43.4750
171.9750 -43.4750
172.0250 -43.4750
172.0750 -43.4750
172.1250 -43.4750
172.1750 -43.4750
172.2250 -43.4750
172.2750 -43.4750
172.3250 -43.4750
172.3750 -43.4750
172.4250 -43.4750
172.4750 -43.4750
172.5250 -43.4750
172.5750 -43.4750
172.6250 -43.4750
172.6750 -43.4750
172.7250 -43.4750
172.7750 -43.4750
172.8250 -43.4750
172.8750 -43.4750
172.9250 -43.4750
172.9750 -43.4750
173.0250 -43.4750
173.0750 -43.4750
173.1250 -43.4750
173.1750 -43.4750
173.2250 -43.4750
173.2750 -43.4750
173.3250 -43.4750
173.3750 -43.4750
173.4250 -43.4750
173.4750 -43.4750
173.5250 -43.4750
173.5750 -43.4750
173.6250 -43.4750
173.6750 -43.4750
173.7250 -43.4750
173.7750 -43.4750
173.8250 -43.4750
173.8750 -43.4750
173.9250 -43.4750
173.9750 -43.4750
174.0250 -43.4750
174.0750 -43.4750
174.1250 -43.4750
174.1750 -43.4750
174.2250 -43.4750
174.2750 -43.4750
174.3250 -43.4750
174.3750 -43.4750
174.4250 -43.4750
174.4750 -43.4750
174.5250 -43.4750
174.5750 -43.4750
174.6250 -43.4750
174.6750 -43.4750
174.7250 -43.4750
174.7750 -43.4750
174.8250 -43.4750
174.8750 -43.4750
174.9250 -43.4750
174.9750 -43.4750
175.0250 -43.4750
175.0750 -43.4750
175.1250 -43.4750
175.1750 -43.4750
175.2250 -43.4750
175.2750 -43.4750
175.3250 -43.4750
175.3750 -43.4750
175.4250 -43.4750
175.4750 -43.4750
171.6750 -43.4250
171.7250 -43.4250
171.7750 -43.4250
171.8250 -43.4250
171.8750 -43.4250
171.9250 -43.4250
171.9750 -43.4250
172.0250 -43.4250
172.0750 -43.4250
172.1250 -43.4250
172.1750 -43.4250
172.2250 -43.4250
172.2750 -43.4250
172.3250 -43.4250
172.3750 -43.4250
172.4250 -43.4250
172.4750 -43.4250
172.5250 -43.4250
172.5750 -43.4250
172.6250 -43.4250
172.6750 -43.4250
172.7250 -43.4250
172.7750 -43.4250
172.8250 -43.4250
172.8750 -43.4250
172.9250 -43.4250
172.9750 -43.4250
173.0250 -43.4250
173.0750 -43.4250
173.1250 -43.4250
173.1750 -43.4250
173.2250 -43.4250
173.2750 -43.4250
173.3250 -43.4250
173.3750 -43.4250
173.4250 -43.4250
173.4750 -43.4250
173.5250 -43.4250
173.5750 -43.4250
173.6250 -43.4250
173.6750 -43.4250
173.7250 -43.4250
173.7750 -43.4250
173.8250 -43.4250
173.8750 -43.4250
173.9250 -43.4250
173.9750 -43.4250
174.0250 -43.4250
174.0750 -43.4250
174.1250 -43.4250
174.1750 -43.4250
174.2250 -43.4250
174.2750 -43.4250
174.3250 -43.4250
174.3750 -43.4250
174.4250 -43.4250
174.4750 -43.4250
174.5250 -43.4250
174.5750 -43.4250
174.6250 -43.4250
174.6750 -43.4250
174.7250 -43.4250
174.7750 -43.4250
174.8250 -43.4250
174.8750 -43.4250
174.9250 -43.4250
174.9750 -43.4250
175.0250 -43.4250
175.0750 -43.4250
175.1250 -43.4250
175.1750 -43.4250
175.2250 -43.4250
175.2750 -43.4250
175.3250 -43.4250
175.3750 -43.4250
175.4250 -43.4250
175.4750 -43.4250
171.6750 -43.3750
171.7250 -43.3750
171.7750 -43.3750
171.8250 -43.3750
171.8750 -43.3750
171.9250 -43.3750
171.9750 -43.3750
172.0250 -43.3750
172.0750 -43.3750
172.1250 -43.3750
172.1750 -43.3750
172.2250 -43.3750
172.2750 -43.3750
172.3250 -43.3750
172.3750 -43.3750
172.4250 -43.3750
172.4750 -43.3750
172.5250 -43.3750
172.5750 -43.3750
172.6250 -43.3750
172.6750 -43.3750
172.7250 -43.3750
172.7750 -43.3750
172.8250 -43.3750
172.8750 -43.3750
172.9250 -43.3750
172.9750 -43.3750
173.0250 -43.3750
173.0750 -43.3750
173.1250 -43.3750
173.1750 -43.3750
173.2250 -43.3750
173.2750 -43.3750
173.3250 -43.3750
173.3750 -43.3750
173.4250 -43.3750
173.4750 -43.3750
173.5250 -43.3750
173.5750 -43.3750
173.6250 -43.3750
173.6750 -43.3750
173.7250 -43.3750
173.7750 -43.3750
173.8250 -43.3750
173.8750 -43.3750
173.9250 -43.3750
173.9750 -43.3750
174.0250 -43.3750
174.0750 -43.3750
174.1250 -43.3750
174.1750 -43.3750
174.2250 -43.3750
174.2750 -43.3750
174.3250 -43.3750
174.3750 -43.3750
174.4250 -43.3750
174.4750 -43.3750
174.5250 -43.3750
174.5750 -43.3750
174.6250 -43.3750
174.6750 -43.3750
174.7250 -43.3750
174.7750 -43.3750
174.8250 -43.3750
174.8750 -43.3750
174.9250 -43.3750
174.9750 -43.3750
175.0250 -43.3750
175.0750 -43.3750
175.1250 -43.3750
175.1750 -43.3750
175.2250 -43.3750
175.2750 -43.3750
175.3250 -43.3750
175.3750 -43.3750
175.4250 -43.3750
175.4750 -43.3750
171.6750 -43.3250
171.7250 -43.3250
171.7750 -43.3250
171.8250 -43.3250
171.8750 -43.3250
171.9250 -43.3250
171.9750 -43.3250
172.0250 -43.3250
172.0750 -43.3250
172.1250 -43.3250
172.1750 -43.3250
172.2250 -43.3250
172.2750 -43.3250
172.3250 -43.3250
172.3750 -43.3250
172.4250 -43.3250
172.4750 -43.3250
172.5250 -43.3250
172.5750 -43.3250
172.6250 -43.3250
172.6750 -43.3250
172.7250 -43.3250
172.7750 -43.3250
172.8250 -43.3250
172.8750 -43.3250
172.9250 -43.3250
172.9750 -43.3250
173.0250 -43.3250
173.0750 -43.3250
173.1250 -43.3250
173.1750 -43.3250
173.2250 -43.3250
173.2750 -43.3250
173.3250 -43.3250
173.3750 -43.3250
173.4250 -43.3250
173.4750 -43.3250
173.5250 -43.3250
173.5750 -43.3250
173.6250 -43.3250
173.6750 -43.3250
173.7250 -43.3250
173.7750 -43.3250
173.8250 -43.3250
173.8750 -43.3250
173.9250 -43.3250
173.9750 -43.3250
174.0250 -43.3250
174.0750 -43.3250
174.1250 -43.3250
174.1750 -43.3250
174.2250 -43.3250
174.2750 -43.3250
174.3250 -43.3250
174.3750 -43.3250
174.4250 -43.3250
174.4750 -43.3250
174.5250 -43.3250
174.5750 -43.3250
174.6250 -43.3250
174.6750 -43.3250
174.7250 -43.3250
174.7750 -43.3250
174.8250 -43.3250
174.8750 -43.3250
174.9250 -43.3250
174.9750 -43.3250
175.0250 -43.3250
175.0750 -43.3250
175.1250 -43.3250
175.1750 -43.3250
175.2250 -43.3250
175.2750 -43.3250
175.3250 -43.3250
175.3750 -43.3250
175.4250 -43.3250
175.4750 -43.3250
171.6750 -43.2750
171.7250 -43.2750
171.7750 -43.2750
171.8250 -43.2750
171.8750 -43.2750
171.9250 -43.2750
171.9750 -43.2750
172.0250 -43.2750
172.0750 -43.2750
172.1250 -43.2750
172.1750 -43.2750
172.2250 -43.2750
172.2750 -43.2750
172.3250 -43.2750
172.3750 -43.2750
172.4250 -43.2750
172.4750 -43.2750
172.5250 -43.2750
172.5750 -43.2750
172.6250 -43.2750
172.6750 -43.2750
172.7250 -43.2750
172.7750 -43.2750
172.8250 -43.2750
172.8750 -43.2750
172.9250 -43.2750
172.9750 -43.2750
173.0250 -43.2750
173.0750 -43.2750
173.1250 -43.2750
173.1750 -43.2750
173.2250 -43.2750
173.2750 -43.2750
173.3250 -43.2750
173.3750 -43.2750
173.4250 -43.2750
173.4750 -43.2750
173.5250 -43.2750
173.5750 -43.2750
173.6250 -43.2750
173.6750 -43.2750
173.7250 -43.2750
173.7750 -43.2750
173.8250 -43.2750
173.8750 -43.2750
173.9250 -43.2750
173.9750 -43.2750
174.0250 -43.2750
174.0750 -43.2750
174.1250 -43.2750
174.1750 -43.2750
174.2250 -43.2750
174.2750 -43.2750
174.3250 -43.2750
174.3750 -43.2750
174.4250 -43.2750
174.4750 -43.2750
174.5250 -43.2750
174.5750 -43.2750
174.6250 -43.2750
174.6750 -43.2750
174.7250 -43.2750
174.7750 -43.2750
174.8250 -43.2750
174.8750 -43.2750
174.9250 -43.2750
174.9750 -43.2750
175.0250 -43.2750
175.0750 -43.2750
175.1250 -43.2750
175.1750 -43.2750
175.2250 -43.2750
175.2750 -43.2750
175.3250 -43.2750
175.3750 -43.2750
175.4250 -43.2750
175.4750 -43.2750
171.6750 -43.2250
171.7250 -43.2250
171.7750 -43.2250
171.8250 -43.2250
171.8750 -43.2250
171.9250 -43.2250
171.9750 -43.2250
172.0250 -43.2250
172.0750 -43.2250
172.1250 -43.2250
172.1750 -43.2250
172.2250 -43.2250
172.2750 -43.2250
172.3250 -43.2250
172.3750 -43.2250
172.4250 -43.2250
172.4750 -43.2250
172.5250 -43.2250
172.5750 -43.2250
172.6250 -43.2250
172.6750 -43.2250
172.7250 -43.2250
172.7750 -43.2250
172.8250 -43.2250
172.8750 -43.2250
172.9250 -43.2250
172.9750 -43.2250
173.0250 -43.2250
173.0750 -43.2250
173.1250 -43.2250
173.1750 -43.2250
173.2250 -43.2250
173.2750 -43.2250
173.3250 -43.2250
173.3750 -43.2250
173.4250 -43.2250
173.4750 -43.2250
173.5250 -43.2250
173.5750 -43.2250
173.6250 -43.2250
173.6750 -43.2250
173.7250 -43.2250
173.7750 -43.2250
173.8250 -43.2250
173.8750 -43.2250
173.9250 -43.2250
173.9750 -43.2250
174.0250 -43.2250
174.0750 -43.2250
174.1250 -43.2250
174.1750 -43.2250
174.2250 -43.2250
174.2750 -43.2250
174.3250 -43.2250
174.3750 -43.2250
174.4250 -43.2250
174.4750 -43.2250
174.5250 -43.2250
174.5750 -43.2250
174.6250 -43.2250
174.6750 -43.2250
174.7250 -43.2250
174.7750 -43.2250
174.8250 -43.2250
174.8750 -43.2250
174.9250 -43.2250
174.9750 -43.2250
175.0250 -43.2250
175.0750 -43.2250
175.1250 -43.2250
175.1750 -43.2250
175.2250 -43.2250
175.2750 -43.2250
175.3250 -43.2250
175.3750 -43.2250
175.4250 -43.2250
175.4750 -43.2250
171.6750 -43.1750
171.7250 -43.1750
171.7750 -43.1750
171.8250 -43.1750
171.8750 -43.1750
171.9250 -43.1750
171.9750 -43.1750
172.0250 -43.1750
172.0750 -43.1750
172.1250 -43.1750
172.1750 -43.1750
172.2250 -43.1750
172.2750 -43.1750
172.3250 -43.1750
172.3750 -43.1750
172.4250 -43.1750
172.4750 -43.1750
172.5250 -43.1750
172.5750 -43.1750
172.6250 -43.1750
172.6750 -43.1750
172.7250 -43.1750
172.7750 -43.1750
172.8250 -43.1750
172.8750 -43.1750
172.9250 -43.1750
172.9750 -43.1750
173.0250 -43.1750
173.0750 -43.1750
173.1250 -43.1750
173.1750 -43.1750
173.2250 -43.1750
173.2750 -43.1750
173.3250 -43.1750
173.3750 -43.1750
173.4250 -43.1750
173.4750 -43.1750
173.5250 -43.1750
173.5750 -43.1750
173.6250 -43.1750
173.6750 -43.1750
173.7250 -43.1750
173.7750 -43.1750
173.8250 -43.1750
173.8750 -43.1750
173.9250 -43.1750
173.9750 -43.1750
174.0250 -43.1750
174.0750 -43.1750
174.1250 -43.1750
174.1750 -43.1750
174.2250 -43.1750
174.2750 -43.1750
174.3250 -43.1750
174.3750 -43.1750
174.4250 -43.1750
174.4750 -43.1750
174.5250 -43.1750
174.5750 -43.1750
174.6250 -43.1750
174.6750 -43.1750
174.7250 -43.1750
174.7750 -43.1750
174.8250 -43.1750
174.8750 -43.1750
174.9250 -43.1750
174.9750 -43.1750
175.0250 -43.1750
175.0750 -43.1750
175.1250 -43.1750
175.1750 -43.1750
175.2250 -43.1750
175.2750 -43.1750
175.3250 -43.1750
175.3750 -43.1750
175.4250 -43.1750
175.4750 -43.1750
171.6750 -43.1250
171.7250 -43.1250
171.7750 -43.1250
171.8250 -43.1250
171.8750 -43.1250
171.9250 -43.1250
171.9750 -43.1250
172.0250 -43.1250
172.0750 -43.1250
172.1250 -43.1250
172.1750 -43.1250
172.2250 -43.1250
172.2750 -43.1250
172.3250 -43.1250
172.3750 -43.1250
172.4250 -43.1250
172.4750 -43.1250
172.5250 -43.1250
172.5750 -43.1250
172.6250 -43.1250
172.6750 -43.1250
172.7250 -43.1250
172.7750 -43.1250
172.8250 -43.1250
172.8750 -43.1250
172.9250 -43.1250
172.9750 -43.1250
173.0250 -43.1250
173.0750 -43.1250
173.1250 -43.1250
173.1750 -43.1250
173.2250 -43.1250
173.2750 -43.1250
173.3250 -43.1250
173.3750 -43.1250
173.4250 -43.1250
173.4750 -43.1250
173.5250 -43.1250
173.5750 -43.1250
173.6250 -43.1250
173.6750 -43.1250
173.7250 -43.1250
173.7750 -43.1250
173.8250 -43.1250
173.8750 -43.1250
173.9250 -43.1250
173.9750 -43.1250
174.0250 -43.1250
174.0750 -43.1250
174.1250 -43.1250
174.1750 -43.1250
174.2250 -43.1250
174.2750 -43.1250
174.3250 -43.1250
174.3750 -43.1250
174.4250 -43.1250
174.4750 -43.1250
174.5250 -43.1250
174.5750 -43.1250
174.6250 -43.1250
174.6750 -43.1250
174.7250 -43.1250
174.7750 -43.1250
174.8250 -43.1250
174.8750 -43.1250
174.9250 -43.1250
174.9750 -43.1250
175.0250 -43.1250
175.0750 -43.1250
175.1250 -43.1250
175.1750 -43.1250
175.2250 -43.1250
175.2750 -43.1250
175.3250 -43.1250
175.3750 -43.1250
175.4250 -43.1250
175.4750 -43.1250
171.6750 -43.0750
171.7250 -43.0750
171.7750 -43.0750
171.8250 -43.0750
171.8750 -43.0750
171.9250 -43.0750
171.9750 -43.0750
172.0250 -43.0750
172.0750 -43.0750
172.1250 -43.0750
172.1750 -43.0750
172.2250 -43.0750
172.2750 -43.0750
172.3250 -43.0750
172.3750 -43.0750
172.4250 -43.0750
172.4750 -43.0750
172.5250 -43.0750
172.5750 -43.0750
172.6250 -43.0750
172.6750 -43.0750
172.7250 -43.0750
172.7750 -43.0750
172.8250 -43.0750
172.8750 -43.0750
172.9250 -43.0750
172.9750 -43.0750
173.0250 -43.0750
173.0750 -43.0750
173.1250 -43.0750
173.1750 -43.0750
173.2250 -43.0750
173.2750 -43.0750
173.3250 -43.0750
173.3750 -43.0750
173.4250 -43.0750
173.4750 -43.0750
173.5250 -43.0750
173.5750 -43.0750
173.6250 -43.0750
173.6750 -43.0750
173.7250 -43.0750
173.7750 -43.0750
173.8250 -43.0750
173.8750 -43.0750
173.9250 -43.0750
173.9750 -43.0750
174.0250 -43.0750
174.0750 -43.0750
174.1250 -43.0750
174.1750 -43.0750
174.2250 -43.0750
174.2750 -43.0750
174.3250 -43.0750
174.3750 -43.0750
174.4250 -43.0750
174.4750 -43.0750
174.5250 -43.0750
174.5750 -43.0750
174.6250 -43.0750
174.6750 -43.0750
174.7250 -43.0750
174.7750 -43.0750
174.8250 -43.0750
174.8750 -43.0750
174.9250 -43.0750
174.9750 -43.0750
175.0250 -43.0750
175.0750 -43.0750
175.1250 -43.0750
175.1750 -43.0750
175.2250 -43.0750
175.2750 -43.0750
175.3250 -43.0750
175.3750 -43.0750
175.4250 -43.0750
175.4750 -43.0750
171.6750 -43.0250
171.7250 -43.0250
171.7750 -43.0250
171.8250 -43.0250
171.8750 -43.0250
171.9250 -43.0250
171.9750 -43.0250
172.0250 -43.0250
172.0750 -43.0250
172.1250 -43.0250
172.1750 -43.0250
172.2250 -43.0250
172.2750 -43.0250
172.3250 -43.0250
172.3750 -43.0250
172.4250 -43.0250
172.4750 -43.0250
172.5250 -43.0250
172.5750 -43.0250
172.6250 -43.0250
172.6750 -43.0250
172.7250 -43.0250
172.7750 -43.0250
172.8250 -43.0250
172.8750 -43.0250
172.9250 -43.0250
172.9750 -43.0250
173.0250 -43.0250
173.0750 -43.0250
173.1250 -43.0250
173.1750 -43.0250
173.2250 -43.0250
173.2750 -43.0250
173.3250 -43.0250
173.3750 -43.0250
173.4250 -43.0250
173.4750 -43.0250
173.5250 -43.0250
173.5750 -43.0250
173.6250 -43.0250
173.6750 -43.0250
173.7250 -43.0250
173.7750 -43.0250
173.8250 -43.0250
173.8750 -43.0250
173.9250 -43.0250
173.9750 -43.0250
174.0250 -43.0250
174.0750 -43.0250
174.1250 -43.0250
174.1750 -43.0250
174.2250 -43.0250
174.2750 -43.0250
174.3250 -43.0250
174.3750 -43.0250
174.4250 -43.0250
174.4750 -43.0250
174.5250 -43.0250
174.5750 -43.0250
174.6250 -43.0250
174.6750 -43.0250
174.7250 -43.0250
174.7750 -43.0250
174.8250 -43.0250
174.8750 -43.0250
174.9250 -43.0250
174.9750 -43.0250
175.0250 -43.0250
175.0750 -43.0250
175.1250 -43.0250
175.1750 -43.0250
175.2250 -43.0250
175.2750 -43.0250
175.3250 -43.0250
175.3750 -43.0250
175.4250 -43.0250
175.4750 -43.0250
171.6750 -42.9750
171.7250 -42.9750
171.7750 -42.9750
171.8250 -42.9750
171.8750 -42.9750
171.9250 -42.9750
171.9750 -42.9750
172.0250 -42.9750
172.0750 -42.9750
172.1250 -42.9750
172.1750 -42.9750
172.2250 -42.9750
172.2750 -42.9750
172.3250 -42.9750
172.3750 -42.9750
172.4250 -42.9750
172.4750 -42.9750
172.5250 -42.9750
172.5750 -42.9750
172.6250 -42.9750
172.6750 -42.9750
172.7250 -42.9750
172.7750 -42.9750
172.8250 -42.9750
172.8750 -42.9750
172.9250 -42.9750
172.9750 -42.9750
173.0250 -42.9750
173.0750 -42.9750
173.1250 -42.9750
173.1750 -42.9750
173.2250 -42.9750
173.2750 -42.9750
173.3250 -42.9750
173.3750 -42.9750
173.4250 -42.9750
173.4750 -42.9750
173.5250 -42.9750
173.5750 -42.9750
173.6250 -42.9750
173.6750 -42.9750
173.7250 -42.9750
173.7750 -42.9750
173.8250 -42.9750
173.8750 -42.9750
173.9250 -42.9750
173.9750 -42.9750
174.0250 -42.9750
174.0750 -42.9750
174.1250 -42.9750
174.1750 -42.9750
174.2250 -42.9750
174.2750 -42.9750
174.3250 -42.9750
174.3750 -42.9750
174.4250 -42.9750
174.4750 -42.9750
174.5250 -42.9750
174.5750 -42.9750
174.6250 -42.9750
174.6750 -42.9750
174.7250 -42.9750
174.7750 -42.9750
174.8250 -42.9750
174.8750 -42.9750
174.9250 -42.9750
174.9750 -42.9750
175.0250 -42.9750
175.0750 -42.9750
175.1250 -42.9750
175.1750 -42.9750
175.2250 -42.9750
175.2750 -42.9750
175.3250 -42.9750
175.3750 -42.9750
175.4250 -42.9750
175.4750 -42.9750
171.6750 -42.9250
171.7250 -42.9250
171.7750 -42.9250
171.8250 -42.9250
171.8750 -42.9250
171.9250 -42.9250
171.9750 -42.9250
172.0250 -42.9250
172.0750 -42.9250
172.1250 -42.9250
172.1750 -42.9250
172.2250 -42.9250
172.2750 -42.9250
172.3250 -42.9250
172.3750 -42.9250
172.4250 -42.9250
172.4750 -42.9250
172.5250 -42.9250
172.5750 -42.9250
172.6250 -42.9250
172.6750 -42.9250
172.7250 -42.9250
172.7750 -42.9250
172.8250 -42.9250
172.8750 -42.9250
172.9250 -42.9250
172.9750 -42.9250
173.0250 -42.9250
173.0750 -42.9250
173.1250 -42.9250
173.1750 -42.9250
173.2250 -42.9250
173.2750 -42.9250
173.3250 -42.9250
173.3750 -42.9250
173.4250 -42.9250
173.4750 -42.9250
173.5250 -42.9250
173.5750 -42.9250
173.6250 -42.9250
173.6750 -42.9250
173.7250 -42.9250
173.7750 -42.9250
173.8250 -42.9250
173.8750 -42.9250
173.9250 -42.9250
173.9750 -42.9250
174.0250 -42.9250
174.0750 -42.9250
174.1250 -42.9250
174.1750 -42.9250
174.2250 -42.9250
174.2750 -42.9250
174.3250 -42.9250
174.3750 -42.9250
174.4250 -42.9250
174.4750 -42.9250
174.5250 -42.9250
174.5750 -42.9250
174.6250 -42.9250
174.6750 -42.9250
174.7250 -42.9250
174.7750 -42.9250
174.8250 -42.9250
174.8750 -42.9250
174.9250 -42.9250
174.9750 -42.9250
175.0250 -42.9250
175.0750 -42.9250
175.1250 -42.9250
175.1750 -42.9250
175.2250 -42.9250
175.2750 -42.9250
175.3250 -42.9250
175.3750 -42.9250
175.4250 -42.9250
175.4750 -42.9250
171.6750 -42.8750
171.7250 -42.8750
171.7750 -42.8750
171.8250 -42.8750
171.8750 -42.8750
171.9250 -42.8750
171.9750 -42.8750
172.0250 -42.8750
172.0750 -42.8750
172.1250 -42.8750
172.1750 -42.8750
172.2250 -42.8750
172.2750 -42.8750
172.3250 -42.8750
172.3750 -42.8750
172.4250 -42.8750
172.4750 -42.8750
172.5250 -42.8750
172.5750 -42.8750
172.6250 -42.8750
172.6750 -42.8750
172.7250 -42.8750
172.7750 -42.8750
172.8250 -42.8750
172.8750 -42.8750
172.9250 -42.8750
172.9750 -42.8750
173.0250 -42.8750
173.0750 -42.8750
173.1250 -42.8750
173.1750 -42.8750
173.2250 -42.8750
173.2750 -42.8750
173.3250 -42.8750
173.3750 -42.8750
173.4250 -42.8750
173.4750 -42.8750
173.5250 -42.8750
173.5750 -42.8750
173.6250 -42.8750
173.6750 -42.8750
173.7250 -42.8750
173.7750 -42.8750
173.8250 -42.8750
173.8750 -42.8750
173.9250 -42.8750
173.9750 -42.8750
174.0250 -42.8750
174.0750 -42.8750
174.1250 -42.8750
174.1750 -42.8750
174.2250 -42.8750
174.2750 -42.8750
174.3250 -42.8750
174.3750 -42.8750
174.4250 -42.8750
174.4750 -42.8750
174.5250 -42.8750
174.5750 -42.8750
174.6250 -42.8750
174.6750 -42.8750
174.7250 -42.8750
174.7750 -42.8750
174.8250 -42.8750
174.8750 -42.8750
174.9250 -42.8750
174.9750 -42.8750
175.0250 -42.8750
175.0750 -42.8750
175.1250 -42.8750
175.1750 -42.8750
175.2250 -42.8750
175.2750 -42.8750
175.3250 -42.8750
175.3750 -42.8750
175.4250 -42.8750
175.4750 -42.8750
171.6750 -42.8250
171.7250 -42.8250
171.7750 -42.8250
171.8250 -42.8250
171.8750 -42.8250
171.9250 -42.8250
171.9750 -42.8250
172.0250 -42.8250
172.0750 -42.8250
172.1250 -42.8250
172.1750 -42.8250
172.2250 -42.8250
172.2750 -42.8250
172.3250 -42.8250
172.3750 -42.8250
172.4250 -42.8250
172.4750 -42.8250
172.5250 -42.8250
172.5750 -42.8250
172.6250 -42.8250
172.6750 -42.8250
172.7250 -42.8250
172.7750 -42.8250
172.8250 -42.8250
172.8750 -42.8250
172.9250 -42.8250
172.9750 -42.8250
173.0250 -42.8250
173.0750 -42.8250
173.1250 -42.8250
173.1750 -42.8250
173.2250 -42.8250
173.2750 -42.8250
173.3250 -42.8250
173.3750 -42.8250
173.4250 -42.8250
173.4750 -42.8250
173.5250 -42.8250
173.5750 -42.8250
173.6250 -42.8250
173.6750 -42.8250
173.7250 -42.8250
173.7750 -42.8250
173.8250 -42.8250
173.8750 -42.8250
173.9250 -42.8250
173.9750 -42.8250
174.0250 -42.8250
174.0750 -42.8250
174.1250 -42.8250
174.1750 -42.8250
174.2250 -42.8250
174.2750 -42.8250
174.3250 -42.8250
174.3750 -42.8250
174.4250 -42.8250
174.4750 -42.8250
174.5250 -42.8250
174.5750 -42.8250
174.6250 -42.8250
174.6750 -42.8250
174.7250 -42.8250
174.7750 -42.8250
174.8250 -42.8250
174.8750 -42.8250
174.9250 -42.8250
174.9750 -42.8250
175.0250 -42.8250
175.0750 -42.8250
175.1250 -42.8250
175.1750 -42.8250
175.2250 -42.8250
175.2750 -42.8250
175.3250 -42.8250
175.3750 -42.8250
175.4250 -42.8250
175.4750 -42.8250
171.6750 -42.7750
171.7250 -42.7750
171.7750 -42.7750
171.8250 -42.7750
171.8750 -42.7750
171.9250 -42.7750
171.9750 -42.7750
172.0250 -42.7750
172.0750 -42.7750
172.1250 -42.7750
172.1750 -42.7750
172.2250 -42.7750
172.2750 -42.7750
172.3250 -42.7750
172.3750 -42.7750
172.4250 -42.7750
172.4750 -42.7750
172.5250 -42.7750
172.5750 -42.7750
172.6250 -42.7750
172.6750 -42.7750
172.7250 -42.7750
172.7750 -42.7750
172.8250 -42.7750
172.8750 -42.7750
172.9250 -42.7750
172.9750 -42.7750
173.0250 -42.7750
173.0750 -42.7750
173.1250 -42.7750
173.1750 -42.7750
173.2250 -42.7750
173.2750 -42.7750
173.3250 -42.7750
173.3750 -42.7750
173.4250 -42.7750
173.4750 -42.7750
173.5250 -42.7750
173.5750 -42.7750
173.6250 -42.7750
173.6750 -42.7750
173.7250 -42.7750
173.7750 -42.7750
173.8250 -42.7750
173.8750 -42.7750
173.9250 -42.7750
173.9750 -42.7750
174.0250 -42.7750
174.0750 -42.7750
174.1250 -42.7750
174.1750 -42.7750
174.2250 -42.7750
174.2750 -42.7750
174.3250 -42.7750
174.3750 -42.7750
174.4250 -42.7750
174.4750 -42.7750
174.5250 -42.7750
174.5750 -42.7750
174.6250 -42.7750
174.6750 -42.7750
174.7250 -42.7750
174.7750 -42.7750
174.8250 -42.7750
174.8750 -42.7750
174.9250 -42.7750
174.9750 -42.7750
175.0250 -42.7750
175.0750 -42.7750
175.1250 -42.7750
175.1750 -42.7750
175.2250 -42.7750
175.2750 -42.7750
175.3250 -42.7750
175.3750 -42.7750
175.4250 -42.7750
175.4750 -42.7750
171.6750 -42.7250
171.7250 -42.7250
171.7750 -42.7250
171.8250 -42.7250
171.8750 -42.7250
171.9250 -42.7250
171.9750 -42.7250
172.0250 -42.7250
172.0750 -42.7250
172.1250 -42.7250
172.1750 -42.7250
172.2250 -42.7250
172.2750 -42.7250
172.3250 -42.7250
172.3750 -42.7250
172.4250 -42.7250
172.4750 -42.7250
172.5250 -42.7250
172.5750 -42.7250
172.6250 -42.7250
172.6750 -42.7250
172.7250 -42.7250
172.7750 -42.7250
172.8250 -42.7250
172.8750 -42.7250
172.9250 -42.7250
172.9750 -42.7250
173.0250 -42.7250
173.0750 -42.7250
173.1250 -42.7250
173.1750 -42.7250
173.2250 -42.7250
173.2750 -42.7250
173.3250 -42.7250
173.3750 -42.7250
173.4250 -42.7250
173.4750 -42.7250
173.5250 -42.7250
173.5750 -42.7250
173.6250 -42.7250
173.6750 -42.7250
173.7250 -42.7250
173.7750 -42.7250
173.8250 -42.7250
173.8750 -42.7250
173.9250 -42.7250
173.9750 -42.7250
174.0250 -42.7250
174.0750 -42.7250
174.1250 -42.7250
174.1750 -42.7250
174.2250 -42.7250
174.2750 -42.7250
174.3250 -42.7250
174.3750 -42.7250
174.4250 -42.7250
174.4750 -42.7250
174.5250 -42.7250
174.5750 -42.7250
174.6250 -42.7250
174.6750 -42.7250
174.7250 -42.7250
174.7750 -42.7250
174.8250 -42.7250
174.8750 -42.7250
174.9250 -42.7250
174.9750 -42.7250
175.0250 -42.7250
175.0750 -42.7250
175.1250 -42.7250
175.1750 -42.7250
175.2250 -42.7250
175.2750 -42.7250
175.3250 -42.7250
175.3750 -42.7250
175.4250 -42.7250
175.4750 -42.7250
171.6750 -42.6750
171.7250 -42.6750
171.7750 -42.6750
171.8250 -42.6750
171.8750 -42.6750
171.9250 -42.6750
171.9750 -42.6750
172.0250 -42.6750
172.0750 -42.6750
172.1250 -42.6750
172.1750 -42.6750
172.2250 -42.6750
172.2750 -42.6750
172.3250 -42.6750
172.3750 -42.6750
172.4250 -42.6750
172.4750 -42.6750
172.5250 -42.6750
172.5750 -42.6750
172.6250 -42.6750
172.6750 -42.6750
172.7250 -42.6750
172.7750 -42.6750
172.8250 -42.6750
172.8750 -42.6750
172.9250 -42.6750
172.9750 -42.6750
173.0250 -42.6750
173.0750 -42.6750
173.1250 -42.6750
173.1750 -42.6750
173.2250 -42.6750
173.2750 -42.6750
173.3250 -42.6750
173.3750 -42.6750
173.4250 -42.6750
173.4750 -42.6750
173.5250 -42.6750
173.5750 -42.6750
173.6250 -42.6750
173.6750 -42.6750
173.7250 -42.6750
173.7750 -42.6750
173.8250 -42.6750
173.8750 -42.6750
173.9250 -42.6750
173.9750 -42.6750
174.0250 -42.6750
174.0750 -42.6750
174.1250 -42.6750
174.1750 -42.6750
174.2250 -42.6750
174.2750 -42.6750
174.3250 -42.6750
174.3750 -42.6750
174.4250 -42.6750
174.4750 -42.6750
174.5250 -42.6750
174.5750 -42.6750
174.6250 -42.6750
174.6750 -42.6750
174.7250 -42.6750
174.7750 -42.6750
174.8250 -42.6750
174.8750 -42.6750
174.9250 -42.6750
174.9750 -42.6750
175.0250 -42.6750
175.0750 -42.6750
175.1250 -42.6750
175.1750 -42.6750
175.2250 -42.6750
175.2750 -42.6750
175.3250 -42.6750
175.3750 -42.6750
175.4250 -42.6750
175.4750 -42.6750
171.6750 -42.6250
171.7250 -42.6250
171.7750 -42.6250
171.8250 -42.6250
171.8750 -42.6250
171.9250 -42.6250
171.9750 -42.6250
172.0250 -42.6250
172.0750 -42.6250
172.1250 -42.6250
172.1750 -42.6250
172.2250 -42.6250
172.2750 -42.6250
172.3250 -42.6250
172.3750 -42.6250
172.4250 -42.6250
172.4750 -42.6250
172.5250 -42.6250
172.5750 -42.6250
172.6250 -42.6250
172.6750 -42.6250
172.7250 -42.6250
172.7750 -42.6250
172.8250 -42.6250
172.8750 -42.6250
172.9250 -42.6250
172.9750 -42.6250
173.0250 -42.6250
173.0750 -42.6250
173.1250 -42.6250
173.1750 -42.6250
173.2250 -42.6250
173.2750 -42.6250
173.3250 -42.6250
173.3750 -42.6250
173.4250 -42.6250
173.4750 -42.6250
173.5250 -42.6250
173.5750 -42.6250
173.6250 -42.6250
173.6750 -42.6250
173.7250 -42.6250
173.7750 -42.6250
173.8250 -42.6250
173.8750 -42.6250
173.9250 -42.6250
173.9750 -42.6250
174.0250 -42.6250
174.0750 -42.6250
174.1250 -42.6250
174.1750 -42.6250
174.2250 -42.6250
174.2750 -42.6250
174.3250 -42.6250
174.3750 -42.6250
174.4250 -42.6250
174.4750 -42.6250
174.5250 -42.6250
174.5750 -42.6250
174.6250 -42.6250
174.6750 -42.6250
174.7250 -42.6250
174.7750 -42.6250
174.8250 -42.6250
174.8750 -42.6250
174.9250 -42.6250
174.9750 -42.6250
175.0250 -42.6250
175.0750 -42.6250
175.1250 -42.6250
175.1750 -42.6250
175.2250 -42.6250
175.2750 -42.6250
175.3250 -42.6250
175.3750 -42.6250
175.4250 -42.6250
175.4750 -42.6250
171.6750 -42.5750
171.7250 -42.5750
171.7750 -42.5750
171.8250 -42.5750
171.8750 -42.5750
171.9250 -42.5750
171.9750 -42.5750
172.0250 -42.5750
172.0750 -42.5750
172.1250 -42.5750
172.1750 -42.5750
172.2250 -42.5750
172.2750 -42.5750
172.3250 -42.5750
172.3750 -42.5750
172.4250 -42.5750
172.4750 -42.5750
172.5250 -42.5750
172.5750 -42.5750
172.6250 -42.5750
172.6750 -42.5750
172.7250 -42.5750
172.7750 -42.5750
172.8250 -42.5750
172.8750 -42.5750
172.9250 -42.5750
172.9750 -42.5750
173.0250 -42.5750
173.0750 -42.5750
173.1250 -42.5750
173.1750 -42.5750
173.2250 -42.5750
173.2750 -42.5750
173.3250 -42.5750
173.3750 -42.5750
173.4250 -42.5750
173.4750 -42.5750
173.5250 -42.5750
173.5750 -42.5750
173.6250 -42.5750
173.6750 -42.5750
173.7250 -42.5750
173.7750 -42.5750
173.8250 -42.5750
173.8750 -42.5750
173.9250 -42.5750
173.9750 -42.5750
174.0250 -42.5750
174.0750 -42.5750
174.1250 -42.5750
174.1750 -42.5750
174.2250 -42.5750
174.2750 -42.5750
174.3250 -42.5750
174.3750 -42.5750
174.4250 -42.5750
174.4750 -42.5750
174.5250 -42.5750
174.5750 -42.5750
174.6250 -42.5750
174.6750 -42.5750
174.7250 -42.5750
174.7750 -42.5750
174.8250 -42.5750
174.8750 -42.5750
174.9250 -42.5750
174.9750 -42.5750
175.0250 -42.5750
175.0750 -42.5750
175.1250 -42.5750
175.1750 -42.5750
175.2250 -42.5750
175.2750 -42.5750
175.3250 -42.5750
175.3750 -42.5750
175.4250 -42.5750
175.4750 -42.5750
171.6750 -42.5250
171.7250 -42.5250
171.7750 -42.5250
171.8250 -42.5250
171.8750 -42.5250
171.9250 -42.5250
171.9750 -42.5250
172.0250 -42.5250
172.0750 -42.5250
172.1250 -42.5250
172.1750 -42.5250
172.2250 -42.5250
172.2750 -42.5250
172.3250 -42.5250
172.3750 -42.5250
172.4250 -42.5250
172.4750 -42.5250
172.5250 -42.5250
172.5750 -42.5250
172.6250 -42.5250
172.6750 -42.5250
172.7250 -42.5250
172.7750 -42.5250
172.8250 -42.5250
172.8750 -42.5250
172.9250 -42.5250
172.9750 -42.5250
173.0250 -42.5250
173.0750 -42.5250
173.1250 -42.5250
173.1750 -42.5250
173.2250 -42.5250
173.2750 -42.5250
173.3250 -42.5250
173.3750 -42.5250
173.4250 -42.5250
173.4750 -42.5250
173.5250 -42.5250
173.5750 -42.5250
173.6250 -42.5250
173.6750 -42.5250
173.7250 -42.5250
173.7750 -42.5250
173.8250 -42.5250
173.8750 -42.5250
173.9250 -42.5250
173.9750 -42.5250
174.0250 -42.5250
174.0750 -42.5250
174.1250 -42.5250
174.1750 -42.5250
174.2250 -42.5250
174.2750 -42.5250
174.3250 -42.5250
174.3750 -42.5250
174.4250 -42.5250
174.4750 -42.5250
174.5250 -42.5250
174.5750 -42.5250
174.6250 -42.5250
174.6750 -42.5250
174.7250 -42.5250
174.7750 -42.5250
174.8250 -42.5250
174.8750 -42.5250
174.9250 -42.5250
174.9750 -42.5250
175.0250 -42.5250
175.0750 -42.5250
175.1250 -42.5250
175.1750 -42.5250
175.2250 -42.5250
175.2750 -42.5250
175.3250 -42.5250
175.3750 -42.5250
175.4250 -42.5250
175.4750 -42.5250
171.6750 -42.4750
171.7250 -42.4750
171.7750 -42.4750
171.8250 -42.4750
171.8750 -42.4750
171.9250 -42.4750
171.9750 -42.4750
172.0250 -42.4750
172.0750 -42.4750
172.1250 -42.4750
172.1750 -42.4750
172.2250 -42.4750
172.2750 -42.4750
172.3250 -42.4750
172.3750 -42.4750
172.4250 -42.4750
172.4750 -42.4750
172.5250 -42.4750
172.5750 -42.4750
172.6250 -42.4750
172.6750 -42.4750
172.7250 -42.4750
172.7750 -42.4750
172.8250 -42.4750
172.8750 -42.4750
172.9250 -42.4750
172.9750 -42.4750
173.0250 -42.4750
173.0750 -42.4750
173.1250 -42.4750
173.1750 -42.4750
173.2250 -42.4750
173.2750 -42.4750
173.3250 -42.4750
173.3750 -42.4750
173.4250 -42.4750
173.4750 -42.4750
173.5250 -42.4750
173.5750 -42.4750
173.6250 -42.4750
173.6750 -42.4750
173.7250 -42.4750
173.7750 -42.4750
173.8250 -42.4750
173.8750 -42.4750
173.9250 -42.4750
173.9750 -42.4750
174.0250 -42.4750
174.0750 -42.4750
174.1250 -42.4750
174.1750 -42.4750
174.2250 -42.4750
174.2750 -42.4750
174.3250 -42.4750
174.3750 -42.4750
174.4250 -42.4750
174.4750 -42.4750
174.5250 -42.4750
174.5750 -42.4750
174.6250 -42.4750
174.6750 -42.4750
174.7250 -42.4750
174.7750 -42.4750
174.8250 -42.4750
174.8750 -42.4750
174.9250 -42.4750
174.9750 -42.4750
175.0250 -42.4750
175.0750 -42.4750
175.1250 -42.4750
175.1750 -42.4750
175.2250 -42.4750
175.2750 -42.4750
175.3250 -42.4750
175.3750 -42.4750
175.4250 -42.4750
175.4750 -42.4750
171.6750 -42.4250
171.7250 -42.4250
171.7750 -42.4250
171.8250 -42.4250
171.8750 -42.4250
171.9250 -42.4250
171.9750 -42.4250
172.0250 -42.4250
172.0750 -42.4250
172.1250 -42.4250
172.1750 -42.4250
172.2250 -42.4250
172.2750 -42.4250
172.3250 -42.4250
172.3750 -42.4250
172.4250 -42.4250
172.4750 -42.4250
172.5250 -42.4250
172.5750 -42.4250
172.6250 -42.4250
172.6750 -42.4250
172.7250 -42.4250
172.7750 -42.4250
172.8250 -42.4250
172.8750 -42.4250
172.9250 -42.4250
172.9750 -42.4250
173.0250 -42.4250
173.0750 -42.4250
173.1250 -42.4250
173.1750 -42.4250
173.2250 -42.4250
173.2750 -42.4250
173.3250 -42.4250
173.3750 -42.4250
173.4250 -42.4250
173.4750 -42.4250
173.5250 -42.4250
173.5750 -42.4250
173.6250 -42.4250
173.6750 -42.4250
173.7250 -42.4250
173.7750 -42.4250
173.8250 -42.4250
173.8750 -42.4250
173.9250 -42.4250
173.9750 -42.4250
174.0250 -42.4250
174.0750 -42.4250
174.1250 -42.4250
174.1750 -42.4250
174.2250 -42.4250
174.2750 -42.4250
174.3250 -42.4250
174.3750 -42.4250
174.4250 -42.4250
174.4750 -42.4250
174.5250 -42.4250
174.5750 -42.4250
174.6250 -42.4250
174.6750 -42.4250
174.7250 -42.4250
174.7750 -42.4250
174.8250 -42.4250
174.8750 -42.4250
174.9250 -42.4250
174.9750 -42.4250
175.0250 -42.4250
175.0750 -42.4250
175.1250 -42.4250
175.1750 -42.4250
175.2250 -42.4250
175.2750 -42.4250
175.3250 -42.4250
175.3750 -42.4250
175.4250 -42.4250
175.4750 -42.4250
171.6750 -42.3750
171.7250 -42.3750
171.7750 -42.3750
171.8250 -42.3750
171.8750 -42.3750
171.9250 -42.3750
171.9750 -42.3750
172.0250 -42.3750
172.0750 -42.3750
172.1250 -42.3750
172.1750 -42.3750
172.2250 -42.3750
172.2750 -42.3750
172.3250 -42.3750
172.3750 -42.3750
172.4250 -42.3750
172.4750 -42.3750
172.5250 -42.3750
172.5750 -42.3750
172.6250 -42.3750
172.6750 -42.3750
172.7250 -42.3750
172.7750 -42.3750
172.8250 -42.3750
172.8750 -42.3750
172.9250 -42.3750
172.9750 -42.3750
173.0250 -42.3750
173.0750 -42.3750
173.1250 -42.3750
173.1750 -42.3750
173.2250 -42.3750
173.2750 -42.3750
173.3250 -42.3750
173.3750 -42.3750
173.4250 -42.3750
173.4750 -42.3750
173.5250 -42.3750
173.5750 -42.3750
173.6250 -42.3750
173.6750 -42.3750
173.7250 -42.3750
173.7750 -42.3750
173.8250 -42.3750
173.8750 -42.3750
173.9250 -42.3750
173.9750 -42.3750
174.0250 -42.3750
174.0750 -42.3750
174.1250 -42.3750
174.1750 -42.3750
174.2250 -42.3750
174.2750 -42.3750
174.3250 -42.3750
174.3750 -42.3750
174.4250 -42.3750
174.4750 -42.3750
174.5250 -42.3750
174.5750 -42.3750
174.6250 -42.3750
174.6750 -42.3750
174.7250 -42.3750
174.7750 -42.3750
174.8250 -42.3750
174.8750 -42.3750
174.9250 -42.3750
174.9750 -42.3750
175.0250 -42.3750
175.0750 -42.3750
175.1250 -42.3750
175.1750 -42.3750
175.2250 -42.3750
175.2750 -42.3750
175.3250 -42.3750
175.3750 -42.3750
175.4250 -42.3750
175.4750 -42.3750
171.6750 -42.3250
171.7250 -42.3250
171.7750 -42.3250
171.8250 -42.3250
171.8750 -42.3250
171.9250 -42.3250
171.9750 -42.3250
172.0250 -42.3250
172.0750 -42.3250
172.1250 -42.3250
172.1750 -42.3250
172.2250 -42.3250
172.2750 -42.3250
172.3250 -42.3250
172.3750 -42.3250
172.4250 -42.3250
172.4750 -42.3250
172.5250 -42.3250
172.5750 -42.3250
172.6250 -42.3250
172.6750 -42.3250
172.7250 -42.3250
172.7750 -42.3250
172.8250 -42.3250
172.8750 -42.3250
172.9250 -42.3250
172.9750 -42.3250
173.0250 -42.3250
173.0750 -42.3250
173.1250 -42.3250
173.1750 -42.3250
173.2250 -42.3250
173.2750 -42.3250
173.3250 -42.3250
173.3750 -42.3250
173.4250 -42.3250
173.4750 -42.3250
173.5250 -42.3250
173.5750 -42.3250
173.6250 -42.3250
173.6750 -42.3250
173.7250 -42.3250
173.7750 -42.3250
173.8250 -42.3250
173.8750 -42.3250
173.9250 -42.3250
173.9750 -42.3250
174.0250 -42.3250
174.0750 -42.3250
174.1250 -42.3250
174.1750 -42.3250
174.2250 -42.3250
174.2750 -42.3250
174.3250 -42.3250
174.3750 -42.3250
174.4250 -42.3250
174.4750 -42.3250
174.5250 -42.3250
174.5750 -42.3250
174.6250 -42.3250
174.6750 -42.3250
174.7250 -42.3250
174.7750 -42.3250
174.8250 -42.3250
174.8750 -42.3250
174.9250 -42.3250
174.9750 -42.3250
175.0250 -42.3250
175.0750 -42.3250
175.1250 -42.3250
175.1750 -42.3250
175.2250 -42.3250
175.2750 -42.3250
175.3250 -42.3250
175.3750 -42.3250
175.4250 -42.3250
175.4750 -42.3250
171.6750 -42.2750
171.7250 -42.2750
171.7750 -42.2750
171.8250 -42.2750
171.8750 -42.2750
171.9250 -42.2750
171.9750 -42.2750
172.0250 -42.2750
172.0750 -42.2750
172.1250 -42.2750
172.1750 -42.2750
172.2250 -42.2750
172.2750 -42.2750
172.3250 -42.2750
172.3750 -42.2750
172.4250 -42.2750
172.4750 -42.2750
172.5250 -42.2750
172.5750 -42.2750
172.6250 -42.2750
172.6750 -42.2750
172.7250 -42.2750
172.7750 -42.2750
172.8250 -42.2750
172.8750 -42.2750
172.9250 -42.2750
172.9750 -42.2750
173.0250 -42.2750
173.0750 -42.2750
173.1250 -42.2750
173.1750 -42.2750
173.2250 -42.2750
173.2750 -42.2750
173.3250 -42.2750
173.3750 -42.2750
173.4250 -42.2750
173.4750 -42.2750
173.5250 -42.2750
173.5750 -42.2750
173.6250 -42.2750
173.6750 -42.2750
173.7250 -42.2750
173.7750 -42.2750
173.8250 -42.2750
173.8750 -42.2750
173.9250 -42.2750
173.9750 -42.2750
174.0250 -42.2750
174.0750 -42.2750
174.1250 -42.2750
174.1750 -42.2750
174.2250 -42.2750
174.2750 -42.2750
174.3250 -42.2750
174.3750 -42.2750
174.4250 -42.2750
174.4750 -42.2750
174.5250 -42.2750
174.5750 -42.2750
174.6250 -42.2750
174.6750 -42.2750
174.7250 -42.2750
174.7750 -42.2750
174.8250 -42.2750
174.8750 -42.2750
174.9250 -42.2750
174.9750 -42.2750
175.0250 -42.2750
175.0750 -42.2750
175.1250 -42.2750
175.1750 -42.2750
175.2250 -42.2750
175.2750 -42.2750
175.3250 -42.2750
175.3750 -42.2750
175.4250 -42.2750
175.4750 -42.2750
171.6750 -42.2250
171.7250 -42.2250
171.7750 -42.2250
171.8250 -42.2250
171.8750 -42.2250
171.9250 -42.2250
171.9750 -42.2250
172.0250 -42.2250
172.0750 -42.2250
172.1250 -42.2250
172.1750 -42.2250
172.2250 -42.2250
172.2750 -42.2250
172.3250 -42.2250
172.3750 -42.2250
172.4250 -42.2250
172.4750 -42.2250
172.5250 -42.2250
172.5750 -42.2250
172.6250 -42.2250
172.6750 -42.2250
172.7250 -42.2250
172.7750 -42.2250
172.8250 -42.2250
172.8750 -42.2250
172.9250 -42.2250
172.9750 -42.2250
173.0250 -42.2250
173.0750 -42.2250
173.1250 -42.2250
173.1750 -42.2250
173.2250 -42.2250
173.2750 -42.2250
173.3250 -42.2250
173.3750 -42.2250
173.4250 -42.2250
173.4750 -42.2250
173.5250 -42.2250
173.5750 -42.2250
173.6250 -42.2250
173.6750 -42.2250
173.7250 -42.2250
173.7750 -42.2250
173.8250 -42.2250
173.8750 -42.2250
173.9250 -42.2250
173.9750 -42.2250
174.0250 -42.2250
174.0750 -42.2250
174.1250 -42.2250
174.1750 -42.2250
174.2250 -42.2250
174.2750 -42.2250
174.3250 -42.2250
174.3750 -42.2250
174.4250 -42.2250
174.4750 -42.2250
174.5250 -42.2250
174.5750 -42.2250
174.6250 -42.2250
174.6750 -42.2250
174.7250 -42.2250
174.7750 -42.2250
174.8250 -42.2250
174.8750 -42.2250
174.9250 -42.2250
174.9750 -42.2250
175.0250 -42.2250
175.0750 -42.2250
175.1250 -42.2250
175.1750 -42.2250
175.2250 -42.2250
175.2750 -42.2250
175.3250 -42.2250
175.3750 -42.2250
175.4250 -42.2250
175.4750 -42.2250
171.6750 -42.1750
171.7250 -42.1750
171.7750 -42.1750
171.8250 -42.1750
171.8750 -42.1750
171.9250 -42.1750
171.9750 -42.1750
172.0250 -42.1750
172.0750 -42.1750
172.1250 -42.1750
172.1750 -42.1750
172.2250 -42.1750
172.2750 -42.1750
172.3250 -42.1750
172.3750 -42.1750
172.4250 -42.1750
172.4750 -42.1750
172.5250 -42.1750
172.5750 -42.1750
172.6250 -42.1750
172.6750 -42.1750
172.7250 -42.1750
172.7750 -42.1750
172.8250 -42.1750
172.8750 -42.1750
172.9250 -42.1750
172.9750 -42.1750
173.0250 -42.1750
173.0750 -42.1750
173.1250 -42.1750
173.1750 -42.1750
173.2250 -42.1750
173.2750 -42.1750
173.3250 -42.1750
173.3750 -42.1750
173.4250 -42.1750
173.4750 -42.1750
173.5250 -42.1750
173.5750 -42.1750
173.6250 -42.1750
173.6750 -42.1750
173.7250 -42.1750
173.7750 -42.1750
173.8250 -42.1750
173.8750 -42.1750
173.9250 -42.1750
173.9750 -42.1750
174.0250 -42.1750
174.0750 -42.1750
174.1250 -42.1750
174.1750 -42.1750
174.2250 -42.1750
174.2750 -42.1750
174.3250 -42.1750
174.3750 -42.1750
174.4250 -42.1750
174.4750 -42.1750
174.5250 -42.1750
174.5750 -42.1750
174.6250 -42.1750
174.6750 -42.1750
174.7250 -42.1750
174.7750 -42.1750
174.8250 -42.1750
174.8750 -42.1750
174.9250 -42.1750
174.9750 -42.1750
175.0250 -42.1750
175.0750 -42.1750
175.1250 -42.1750
175.1750 -42.1750
175.2250 -42.1750
175.2750 -42.1750
175.3250 -42.1750
175.3750 -42.1750
175.4250 -42.1750
175.4750 -42.1750
171.6750 -42.1250
171.7250 -42.1250
171.7750 -42.1250
171.8250 -42.1250
171.8750 -42.1250
171.9250 -42.1250
171.9750 -42.1250
172.0250 -42.1250
172.0750 -42.1250
172.1250 -42.1250
172.1750 -42.1250
172.2250 -42.1250
172.2750 -42.1250
172.3250 -42.1250
172.3750 -42.1250
172.4250 -42.1250
172.4750 -42.1250
172.5250 -42.1250
172.5750 -42.1250
172.6250 -42.1250
172.6750 -42.1250
172.7250 -42.1250
172.7750 -42.1250
172.8250 -42.1250
172.8750 -42.1250
172.9250 -42.1250
172.9750 -42.1250
173.0250 -42.1250
173.0750 -42.1250
173.1250 -42.1250
173.1750 -42.1250
173.2250 -42.1250
173.2750 -42.1250
173.3250 -42.1250
173.3750 -42.1250
173.4250 -42.1250
173.4750 -42.1250
173.5250 -42.1250
173.5750 -42.1250
173.6250 -42.1250
173.6750 -42.1250
173.7250 -42.1250
173.7750 -42.1250
173.8250 -42.1250
173.8750 -42.1250
173.9250 -42.1250
173.9750 -42.1250
174.0250 -42.1250
174.0750 -42.1250
174.1250 -42.1250
174.1750 -42.1250
174.2250 -42.1250
174.2750 -42.1250
174.3250 -42.1250
174.3750 -42.1250
174.4250 -42.1250
174.4750 -42.1250
174.5250 -42.1250
174.5750 -42.1250
174.6250 -42.1250
174.6750 -42.1250
174.7250 -42.1250
174.7750 -42.1250
174.8250 -42.1250
174.8750 -42.1250
174.9250 -42.1250
174.9750 -42.1250
175.0250 -42.1250
175.0750 -42.1250
175.1250 -42.1250
175.1750 -42.1250
175.2250 -42.1250
175.2750 -42.1250
175.3250 -42.1250
175.3750 -42.1250
175.4250 -42.1250
175.4750 -42.1250
171.6750 -42.0750
171.7250 -42.0750
171.7750 -42.0750
171.8250 -42.0750
171.8750 -42.0750
171.9250 -42.0750
171.9750 -42.0750
172.0250 -42.0750
172.0750 -42.0750
172.1250 -42.0750
172.1750 -42.0750
172.2250 -42.0750
172.2750 -42.0750
172.3250 -42.0750
172.3750 -42.0750
172.4250 -42.0750
172.4750 -42.0750
172.5250 -42.0750
172.5750 -42.0750
172.6250 -42.0750
172.6750 -42.0750
172.7250 -42.0750
172.7750 -42.0750
172.8250 -42.0750
172.8750 -42.0750
172.9250 -42.0750
172.9750 -42.0750
173.0250 -42.0750
173.0750 -42.0750
173.1250 -42.0750
173.1750 -42.0750
173.2250 -42.0750
173.2750 -42.0750
173.3250 -42.0750
173.3750 -42.0750
173.4250 -42.0750
173.4750 -42.0750
173.5250 -42.0750
173.5750 -42.0750
173.6250 -42.0750
173.6750 -42.0750
173.7250 -42.0750
173.7750 -42.0750
173.8250 -42.0750
173.8750 -42.0750
173.9250 -42.0750
173.9750 -42.0750
174.0250 -42.0750
174.0750 -42.0750
174.1250 -42.0750
174.1750 -42.0750
174.2250 -42.0750
174.2750 -42.0750
174.3250 -42.0750
174.3750 -42.0750
174.4250 -42.0750
174.4750 -42.0750
174.5250 -42.0750
174.5750 -42.0750
174.6250 -42.0750
174.6750 -42.0750
174.7250 -42.0750
174.7750 -42.0750
174.8250 -42.0750
174.8750 -42.0750
174.9250 -42.0750
174.9750 -42.0750
175.0250 -42.0750
175.0750 -42.0750
175.1250 -42.0750
175.1750 -42.0750
175.2250 -42.0750
175.2750 -42.0750
175.3250 -42.0750
175.3750 -42.0750
175.4250 -42.0750
175.4750 -42.0750
171.6750 -42.0250
171.7250 -42.0250
171.7750 -42.0250
171.8250 -42.0250
171.8750 -42.0250
171.9250 -42.0250
171.9750 -42.0250
172.0250 -42.0250
172.0750 -42.0250
172.1250 -42.0250
172.1750 -42.0250
172.2250 -42.0250
172.2750 -42.0250
172.3250 -42.0250
172.3750 -42.0250
172.4250 -42.0250
172.4750 -42.0250
172.5250 -42.0250
172.5750 -42.0250
172.6250 -42.0250
172.6750 -42.0250
172.7250 -42.0250
172.7750 -42.0250
172.8250 -42.0250
172.8750 -42.0250
172.9250 -42.0250
172.9750 -42.0250
173.0250 -42.0250
173.0750 -42.0250
173.1250 -42.0250
173.1750 -42.0250
173.2250 -42.0250
173.2750 -42.0250
173.3250 -42.0250
173.3750 -42.0250
173.4250 -42.0250
173.4750 -42.0250
173.5250 -42.0250
173.5750 -42.0250
173.6250 -42.0250
173.6750 -42.0250
173.7250 -42.0250
173.7750 -42.0250
173.8250 -42.0250
173.8750 -42.0250
173.9250 -42.0250
173.9750 -42.0250
174.0250 -42.0250
174.0750 -42.0250
174.1250 -42.0250
174.1750 -42.0250
174.2250 -42.0250
174.2750 -42.0250
174.3250 -42.0250
174.3750 -42.0250
174.4250 -42.0250
174.4750 -42.0250
174.5250 -42.0250
174.5750 -42.0250
174.6250 -42.0250
174.6750 -42.0250
174.7250 -42.0250
174.7750 -42.0250
174.8250 -42.0250
174.8750 -42.0250
174.9250 -42.0250
174.9750 -42.0250
175.0250 -42.0250
175.0750 -42.0250
175.1250 -42.0250
175.1750 -42.0250
175.2250 -42.0250
175.2750 -42.0250
175.3250 -42.0250
175.3750 -42.0250
175.4250 -42.0250
175.4750 -42.0250
171.6750 -41.9750
171.7250 -41.9750
171.7750 -41.9750
171.8250 -41.9750
171.8750 -41.9750
171.9250 -41.9750
171.9750 -41.9750
172.0250 -41.9750
172.0750 -41.9750
172.1250 -41.9750
172.1750 -41.9750
172.2250 -41.9750
172.2750 -41.9750
172.3250 -41.9750
172.3750 -41.9750
172.4250 -41.9750
172.4750 -41.9750
172.5250 -41.9750
172.5750 -41.9750
172.6250 -41.9750
172.6750 -41.9750
172.7250 -41.9750
172.7750 -41.9750
172.8250 -41.9750
172.8750 -41.9750
172.9250 -41.9750
172.9750 -41.9750
173.0250 -41.9750
173.0750 -41.9750
173.1250 -41.9750
173.1750 -41.9750
173.2250 -41.9750
173.2750 -41.9750
173.3250 -41.9750
173.3750 -41.9750
173.4250 -41.9750
173.4750 -41.9750
173.5250 -41.9750
173.5750 -41.9750
173.6250 -41.9750
173.6750 -41.9750
173.7250 -41.9750
173.7750 -41.9750
173.8250 -41.9750
173.8750 -41.9750
173.9250 -41.9750
173.9750 -41.9750
174.0250 -41.9750
174.0750 -41.9750
174.1250 -41.9750
174.1750 -41.9750
174.2250 -41.9750
174.2750 -41.9750
174.3250 -41.9750
174.3750 -41.9750
174.4250 -41.9750
174.4750 -41.9750
174.5250 -41.9750
174.5750 -41.9750
174.6250 -41.9750
174.6750 -41.9750
174.7250 -41.9750
174.7750 -41.9750
174.8250 -41.9750
174.8750 -41.9750
174.9250 -41.9750
174.9750 -41.9750
175.0250 -41.9750
175.0750 -41.9750
175.1250 -41.9750
175.1750 -41.9750
175.2250 -41.9750
175.2750 -41.9750
175.3250 -41.9750
175.3750 -41.9750
175.4250 -41.9750
175.4750 -41.9750
171.6750 -41.9250
171.7250 -41.9250
171.7750 -41.9250
171.8250 -41.9250
171.8750 -41.9250
171.9250 -41.9250
171.9750 -41.9250
172.0250 -41.9250
172.0750 -41.9250
172.1250 -41.9250
172.1750 -41.9250
172.2250 -41.9250
172.2750 -41.9250
172.3250 -41.9250
172.3750 -41.9250
172.4250 -41.9250
172.4750 -41.9250
172.5250 -41.9250
172.5750 -41.9250
172.6250 -41.9250
172.6750 -41.9250
172.7250 -41.9250
172.7750 -41.9250
172.8250 -41.9250
172.8750 -41.9250
172.9250 -41.9250
172.9750 -41.9250
173.0250 -41.9250
173.0750 -41.9250
173.1250 -41.9250
173.1750 -41.9250
173.2250 -41.9250
173.2750 -41.9250
173.3250 -41.9250
173.3750 -41.9250
173.4250 -41.9250
173.4750 -41.9250
173.5250 -41.9250
173.5750 -41.9250
173.6250 -41.9250
173.6750 -41.9250
173.7250 -41.9250
173.7750 -41.9250
173.8250 -41.9250
173.8750 -41.9250
173.9250 -41.9250
173.9750 -41.9250
174.0250 -41.9250
174.0750 -41.9250
174.1250 -41.9250
174.1750 -41.9250
174.2250 -41.9250
174.2750 -41.9250
174.3250 -41.9250
174.3750 -41.9250
174.4250 -41.9250
174.4750 -41.9250
174.5250 -41.9250
174.5750 -41.9250
174.6250 -41.9250
174.6750 -41.9250
174.7250 -41.9250
174.7750 -41.9250
174.8250 -41.9250
174.8750 -41.9250
174.9250 -41.9250
174.9750 -41.9250
175.0250 -41.9250
175.0750 -41.9250
175.1250 -41.9250
175.1750 -41.9250
175.2250 -41.9250
175.2750 -41.9250
175.3250 -41.9250
175.3750 -41.9250
175.4250 -41.9250
175.4750 -41.9250
171.6750 -41.8750
171.7250 -41.8750
171.7750 -41.8750
171.8250 -41.8750
171.8750 -41.8750
171.9250 -41.8750
171.9750 -41.8750
172.0250 -41.8750
172.0750 -41.8750
172.1250 -41.8750
172.1750 -41.8750
172.2250 -41.8750
172.2750 -41.8750
172.3250 -41.8750
172.3750 -41.8750
172.4250 -41.8750
172.4750 -41.8750
172.5250 -41.8750
172.5750 -41.8750
172.6250 -41.8750
172.6750 -41.8750
172.7250 -41.8750
172.7750 -41.8750
172.8250 -41.8750
172.8750 -41.8750
172.9250 -41.8750
172.9750 -41.8750
173.0250 -41.8750
173.0750 -41.8750
173.1250 -41.8750
173.1750 -41.8750
173.2250 -41.8750
173.2750 -41.8750
173.3250 -41.8750
173.3750 -41.8750
173.4250 -41.8750
173.4750 -41.8750
173.5250 -41.8750
173.5750 -41.8750
173.6250 -41.8750
173.6750 -41.8750
173.7250 -41.8750
173.7750 -41.8750
173.8250 -41.8750
173.8750 -41.8750
173.9250 -41.8750
173.9750 -41.8750
174.0250 -41.8750
174.0750 -41.8750
174.1250 -41.8750
174.1750 -41.8750
174.2250 -41.8750
174.2750 -41.8750
174.3250 -41.8750
174.3750 -41.8750
174.4250 -41.8750
174.4750 -41.8750
174.5250 -41.8750
174.5750 -41.8750
174.6250 -41.8750
174.6750 -41.8750
174.7250 -41.8750
174.7750 -41.8750
174.8250 -41.8750
174.8750 -41.8750
174.9250 -41.8750
174.9750 -41.8750
175.0250 -41.8750
175.0750 -41.8750
175.1250 -41.8750
175.1750 -41.8750
175.2250 -41.8750
175.2750 -41.8750
175.3250 -41.8750
175.3750 -41.8750
175.4250 -41.8750
175.4750 -41.8750
171.6750 -41.8250
171.7250 -41.8250
171.7750 -41.8250
171.8250 -41.8250
171.8750 -41.8250
171.9250 -41.8250
171.9750 -41.8250
172.0250 -41.8250
172.0750 -41.8250
172.1250 -41.8250
172.1750 -41.8250
172.2250 -41.8250
172.2750 -41.8250
172.3250 -41.8250
172.3750 -41.8250
172.4250 -41.8250
172.4750 -41.8250
172.5250 -41.8250
172.5750 -41.8250
172.6250 -41.8250
172.6750 -41.8250
172.7250 -41.8250
172.7750 -41.8250
172.8250 -41.8250
172.8750 -41.8250
172.9250 -41.8250
172.9750 -41.8250
173.0250 -41.8250
173.0750 -41.8250
173.1250 -41.8250
173.1750 -41.8250
173.2250 -41.8250
173.2750 -41.8250
173.3250 -41.8250
173.3750 -41.8250
173.4250 -41.8250
173.4750 -41.8250
173.5250 -41.8250
173.5750 -41.8250
173.6250 -41.8250
173.6750 -41.8250
173.7250 -41.8250
173.7750 -41.8250
173.8250 -41.8250
173.8750 -41.8250
173.9250 -41.8250
173.9750 -41.8250
174.0250 -41.8250
174.0750 -41.8250
174.1250 -41.8250
174.1750 -41.8250
174.2250 -41.8250
174.2750 -41.8250
174.3250 -41.8250
174.3750 -41.8250
174.4250 -41.8250
174.4750 -41.8250
174.5250 -41.8250
174.5750 -41.8250
174.6250 -41.8250
174.6750 -41.8250
174.7250 -41.8250
174.7750 -41.8250
174.8250 -41.8250
174.8750 -41.8250
174.9250 -41.8250
174.9750 -41.8250
175.0250 -41.8250
175.0750 -41.8250
175.1250 -41.8250
175.1750 -41.8250
175.2250 -41.8250
175.2750 -41.8250
175.3250 -41.8250
175.3750 -41.8250
175.4250 -41.8250
175.4750 -41.8250
171.6750 -41.7750
171.7250 -41.7750
171.7750 -41.7750
171.8250 -41.7750
171.8750 -41.7750
171.9250 -41.7750
171.9750 -41.7750
172.0250 -41.7750
172.0750 -41.7750
172.1250 -41.7750
172.1750 -41.7750
172.2250 -41.7750
172.2750 -41.7750
172.3250 -41.7750
172.3750 -41.7750
172.4250 -41.7750
172.4750 -41.7750
172.5250 -41.7750
172.5750 -41.7750
172.6250 -41.7750
172.6750 -41.7750
172.7250 -41.7750
172.7750 -41.7750
172.8250 -41.7750
172.8750 -41.7750
172.9250 -41.7750
172.9750 -41.7750
173.0250 -41.7750
173.0750 -41.7750
173.1250 -41.7750
173.1750 -41.7750
173.2250 -41.7750
173.2750 -41.7750
173.3250 -41.7750
173.3750 -41.7750
173.4250 -41.7750
173.4750 -41.7750
173.5250 -41.7750
173.5750 -41.7750
173.6250 -41.7750
173.6750 -41.7750
173.7250 -41.7750
173.7750 -41.7750
173.8250 -41.7750
173.8750 -41.7750
173.9250 -41.7750
173.9750 -41.7750
174.0250 -41.7750
174.0750 -41.7750
174.1250 -41.7750
174.1750 -41.7750
174.2250 -41.7750
174.2750 -41.7750
174.3250 -41.7750
174.3750 -41.7750
174.4250 -41.7750
174.4750 -41.7750
174.5250 -41.7750
174.5750 -41.7750
174.6250 -41.7750
174.6750 -41.7750
174.7250 -41.7750
174.7750 -41.7750
174.8250 -41.7750
174.8750 -41.7750
174.9250 -41.7750
174.9750 -41.7750
175.0250 -41.7750
175.0750 -41.7750
175.1250 -41.7750
175.1750 -41.7750
175.2250 -41.7750
175.2750 -41.7750
175.3250 -41.7750
175.3750 -41.7750
175.4250 -41.7750
175.4750 -41.7750
171.6750 -41.7250
171.7250 -41.7250
171.7750 -41.7250
171.8250 -41.7250
171.8750 -41.7250
171.9250 -41.7250
171.9750 -41.7250
172.0250 -41.7250
172.0750 -41.7250
172.1250 -41.7250
172.1750 -41.7250
172.2250 -41.7250
172.2750 -41.7250
172.3250 -41.7250
172.3750 -41.7250
172.4250 -41.7250
172.4750 -41.7250
172.5250 -41.7250
172.5750 -41.7250
172.6250 -41.7250
172.6750 -41.7250
172.7250 -41.7250
172.7750 -41.7250
172.8250 -41.7250
172.8750 -41.7250
172.9250 -41.7250
172.9750 -41.7250
173.0250 -41.7250
173.0750 -41.7250
173.1250 -41.7250
173.1750 -41.7250
173.2250 -41.7250
173.2750 -41.7250
173.3250 -41.7250
173.3750 -41.7250
173.4250 -41.7250
173.4750 -41.7250
173.5250 -41.7250
173.5750 -41.7250
173.6250 -41.7250
173.6750 -41.7250
173.7250 -41.7250
173.7750 -41.7250
173.8250 -41.7250
173.8750 -41.7250
173.9250 -41.7250
173.9750 -41.7250
174.0250 -41.7250
174.0750 -41.7250
174.1250 -41.7250
174.1750 -41.7250
174.2250 -41.7250
174.2750 -41.7250
174.3250 -41.7250
174.3750 -41.7250
174.4250 -41.7250
174.4750 -41.7250
174.5250 -41.7250
174.5750 -41.7250
174.6250 -41.7250
174.6750 -41.7250
174.7250 -41.7250
174.7750 -41.7250
174.8250 -41.7250
174.8750 -41.7250
174.9250 -41.7250
174.9750 -41.7250
175.0250 -41.7250
175.0750 -41.7250
175.1250 -41.7250
175.1750 -41.7250
175.2250 -41.7250
175.2750 -41.7250
175.3250 -41.7250
175.3750 -41.7250
175.4250 -41.7250
175.4750 -41.7250
171.6750 -41.6750
171.7250 -41.6750
171.7750 -41.6750
171.8250 -41.6750
171.8750 -41.6750
171.9250 -41.6750
171.9750 -41.6750
172.0250 -41.6750
172.0750 -41.6750
172.1250 -41.6750
172.1750 -41.6750
172.2250 -41.6750
172.2750 -41.6750
172.3250 -41.6750
172.3750 -41.6750
172.4250 -41.6750
172.4750 -41.6750
172.5250 -41.6750
172.5750 -41.6750
172.6250 -41.6750
172.6750 -41.6750
172.7250 -41.6750
172.7750 -41.6750
172.8250 -41.6750
172.8750 -41.6750
172.9250 -41.6750
172.9750 -41.6750
173.0250 -41.6750
173.0750 -41.6750
173.1250 -41.6750
173.1750 -41.6750
173.2250 -41.6750
173.2750 -41.6750
173.3250 -41.6750
173.3750 -41.6750
173.4250 -41.6750
173.4750 -41.6750
173.5250 -41.6750
173.5750 -41.6750
173.6250 -41.6750
173.6750 -41.6750
173.7250 -41.6750
173.7750 -41.6750
173.8250 -41.6750
173.8750 -41.6750
173.9250 -41.6750
173.9750 -41.6750
174.0250 -41.6750
174.0750 -41.6750
174.1250 -41.6750
174.1750 -41.6750
174.2250 -41.6750
174.2750 -41.6750
174.3250 -41.6750
174.3750 -41.6750
174.4250 -41.6750
174.4750 -41.6750
174.5250 -41.6750
174.5750 -41.6750
174.6250 -41.6750
174.6750 -41.6750
174.7250 -41.6750
174.7750 -41.6750
174.8250 -41.6750
174.8750 -41.6750
174.9250 -41.6750
174.9750 -41.6750
175.0250 -41.6750
175.0750 -41.6750
175.1250 -41.6750
175.1750 -41.6750
175.2250 -41.6750
175.2750 -41.6750
175.3250 -41.6750
175.3750 -41.6750
175.4250 -41.6750
175.4750 -41.6750
171.6750 -41.6250
171.7250 -41.6250
171.7750 -41.6250
171.8250 -41.6250
171.8750 -41.6250
171.9250 -41.6250
171.9750 -41.6250
172.0250 -41.6250
172.0750 -41.6250
172.1250 -41.6250
172.1750 -41.6250
172.2250 -41.6250
172.2750 -41.6250
172.3250 -41.6250
172.3750 -41.6250
172.4250 -41.6250
172.4750 -41.6250
172.5250 -41.6250
172.5750 -41.6250
172.6250 -41.6250
172.6750 -41.6250
172.7250 -41.6250
172.7750 -41.6250
172.8250 -41.6250
172.8750 -41.6250
172.9250 -41.6250
172.9750 -41.6250
173.0250 -41.6250
173.0750 -41.6250
173.1250 -41.6250
173.1750 -41.6250
173.2250 -41.6250
173.2750 -41.6250
173.3250 -41.6250
173.3750 -41.6250
173.4250 -41.6250
173.4750 -41.6250
173.5250 -41.6250
173.5750 -41.6250
173.6250 -41.6250
173.6750 -41.6250
173.7250 -41.6250
173.7750 -41.6250
173.8250 -41.6250
173.8750 -41.6250
173.9250 -41.6250
173.9750 -41.6250
174.0250 -41.6250
174.0750 -41.6250
174.1250 -41.6250
174.1750 -41.6250
174.2250 -41.6250
174.2750 -41.6250
174.3250 -41.6250
174.3750 -41.6250
174.4250 -41.6250
174.4750 -41.6250
174.5250 -41.6250
174.5750 -41.6250
174.6250 -41.6250
174.6750 -41.6250
174.7250 -41.6250
174.7750 -41.6250
174.8250 -41.6250
174.8750 -41.6250
174.9250 -41.6250
174.9750 -41.6250
175.0250 -41.6250
175.0750 -41.6250
175.1250 -41.6250
175.1750 -41.6250
175.2250 -41.6250
175.2750 -41.6250
175.3250 -41.6250
175.3750 -41.6250
175.4250 -41.6250
175.4750 -41.6250
171.6750 -41.5750
171.7250 -41.5750
171.7750 -41.5750
171.8250 -41.5750
171.8750 -41.5750
171.9250 -41.5750
171.9750 -41.5750
172.0250 -41.5750
172.0750 -41.5750
172.1250 -41.5750
172.1750 -41.5750
172.2250 -41.5750
172.2750 -41.5750
172.3250 -41.5750
172.3750 -41.5750
172.4250 -41.5750
172.4750 -41.5750
172.5250 -41.5750
172.5750 -41.5750
172.6250 -41.5750
172.6750 -41.5750
172.7250 -41.5750
172.7750 -41.5750
172.8250 -41.5750
172.8750 -41.5750
172.9250 -41.5750
172.9750 -41.5750
173.0250 -41.5750
173.0750 -41.5750
173.1250 -41.5750
173.1750 -41.5750
173.2250 -41.5750
173.2750 -41.5750
173.3250 -41.5750
173.3750 -41.5750
173.4250 -41.5750
173.4750 -41.5750
173.5250 -41.5750
173.5750 -41.5750
173.6250 -41.5750
173.6750 -41.5750
173.7250 -41.5750
173.7750 -41.5750
173.8250 -41.5750
173.8750 -41.5750
173.9250 -41.5750
173.9750 -41.5750
174.0250 -41.5750
174.0750 -41.5750
174.1250 -41.5750
174.1750 -41.5750
174.2250 -41.5750
174.2750 -41.5750
174.3250 -41.5750
174.3750 -41.5750
174.4250 -41.5750
174.4750 -41.5750
174.5250 -41.5750
174.5750 -41.5750
174.6250 -41.5750
174.6750 -41.5750
174.7250 -41.5750
174.7750 -41.5750
174.8250 -41.5750
174.8750 -41.5750
174.9250 -41.5750
174.9750 -41.5750
175.0250 -41.5750
175.0750 -41.5750
175.1250 -41.5750
175.1750 -41.5750
175.2250 -41.5750
175.2750 -41.5750
175.3250 -41.5750
175.3750 -41.5750
175.4250 -41.5750
175.4750 -41.5750
171.6750 -41.5250
171.7250 -41.5250
171.7750 -41.5250
171.8250 -41.5250
171.8750 -41.5250
171.9250 -41.5250
171.9750 -41.5250
172.0250 -41.5250
172.0750 -41.5250
172.1250 -41.5250
172.1750 -41.5250
172.2250 -41.5250
172.2750 -41.5250
172.3250 -41.5250
172.3750 -41.5250
172.4250 -41.5250
172.4750 -41.5250
172.5250 -41.5250
172.5750 -41.5250
172.6250 -41.5250
172.6750 -41.5250
172.7250 -41.5250
172.7750 -41.5250
172.8250 -41.5250
172.8750 -41.5250
172.9250 -41.5250
172.9750 -41.5250
173.0250 -41.5250
173.0750 -41.5250
173.1250 -41.5250
173.1750 -41.5250
173.2250 -41.5250
173.2750 -41.5250
173.3250 -41.5250
173.3750 -41.5250
173.4250 -41.5250
173.4750 -41.5250
173.5250 -41.5250
173.5750 -41.5250
173.6250 -41.5250
173.6750 -41.5250
173.7250 -41.5250
173.7750 -41.5250
173.8250 -41.5250
173.8750 -41.5250
173.9250 -41.5250
173.9750 -41.5250
174.0250 -41.5250
174.0750 -41.5250
174.1250 -41.5250
174.1750 -41.5250
174.2250 -41.5250
174.2750 -41.5250
174.3250 -41.5250
174.3750 -41.5250
174.4250 -41.5250
174.4750 -41.5250
174.5250 -41.5250
174.5750 -41.5250
174.6250 -41.5250
174.6750 -41.5250
174.7250 -41.5250
174.7750 -41.5250
174.8250 -41.5250
174.8750 -41.5250
174.9250 -41.5250
174.9750 -41.5250
175.0250 -41.5250
175.0750 -41.5250
175.1250 -41.5250
175.1750 -41.5250
175.2250 -41.5250
175.2750 -41.5250
175.3250 -41.5250
175.3750 -41.5250
175.4250 -41.5250
175.4750 -41.5250
171.6750 -41.4750
171.7250 -41.4750
171.7750 -41.4750
171.8250 -41.4750
171.8750 -41.4750
171.9250 -41.4750
171.9750 -41.4750
172.0250 -41.4750
172.0750 -41.4750
172.1250 -41.4750
172.1750 -41.4750
172.2250 -41.4750
172.2750 -41.4750
172.3250 -41.4750
172.3750 -41.4750
172.4250 -41.4750
172.4750 -41.4750
172.5250 -41.4750
172.5750 -41.4750
172.6250 -41.4750
172.6750 -41.4750
172.7250 -41.4750
172.7750 -41.4750
172.8250 -41.4750
172.8750 -41.4750
172.9250 -41.4750
172.9750 -41.4750
173.0250 -41.4750
173.0750 -41.4750
173.1250 -41.4750
173.1750 -41.4750
173.2250 -41.4750
173.2750 -41.4750
173.3250 -41.4750
173.3750 -41.4750
173.4250 -41.4750
173.4750 -41.4750
173.5250 -41.4750
173.5750 -41.4750
173.6250 -41.4750
173.6750 -41.4750
173.7250 -41.4750
173.7750 -41.4750
173.8250 -41.4750
173.8750 -41.4750
173.9250 -41.4750
173.9750 -41.4750
174.0250 -41.4750
174.0750 -41.4750
174.1250 -41.4750
174.1750 -41.4750
174.2250 -41.4750
174.2750 -41.4750
174.3250 -41.4750
174.3750 -41.4750
174.4250 -41.4750
174.4750 -41.4750
174.5250 -41.4750
174.5750 -41.4750
174.6250 -41.4750
174.6750 -41.4750
174.7250 -41.4750
174.7750 -41.4750
174.8250 -41.4750
174.8750 -41.4750
174.9250 -41.4750
174.9750 -41.4750
175.0250 -41.4750
175.0750 -41.4750
175.1250 -41.4750
175.1750 -41.4750
175.2250 -41.4750
175.2750 -41.4750
175.3250 -41.4750
175.3750 -41.4750
175.4250 -41.4750
175.4750 -41.4750
171.6750 -41.4250
171.7250 -41.4250
171.7750 -41.4250
171.8250 -41.4250
171.8750 -41.4250
171.9250 -41.4250
171.9750 -41.4250
172.0250 -41.4250
172.0750 -41.4250
172.1250 -41.4250
172.1750 -41.4250
172.2250 -41.4250
172.2750 -41.4250
172.3250 -41.4250
172.3750 -41.4250
172.4250 -41.4250
172.4750 -41.4250
172.5250 -41.4250
172.5750 -41.4250
172.6250 -41.4250
172.6750 -41.4250
172.7250 -41.4250
172.7750 -41.4250
172.8250 -41.4250
172.8750 -41.4250
172.9250 -41.4250
172.9750 -41.4250
173.0250 -41.4250
173.0750 -41.4250
173.1250 -41.4250
173.1750 -41.4250
173.2250 -41.4250
173.2750 -41.4250
173.3250 -41.4250
173.3750 -41.4250
173.4250 -41.4250
173.4750 -41.4250
173.5250 -41.4250
173.5750 -41.4250
173.6250 -41.4250
173.6750 -41.4250
173.7250 -41.4250
173.7750 -41.4250
173.8250 -41.4250
173.8750 -41.4250
173.9250 -41.4250
173.9750 -41.4250
174.0250 -41.4250
174.0750 -41.4250
174.1250 -41.4250
174.1750 -41.4250
174.2250 -41.4250
174.2750 -41.4250
174.3250 -41.4250
174.3750 -41.4250
174.4250 -41.4250
174.4750 -41.4250
174.5250 -41.4250
174.5750 -41.4250
174.6250 -41.4250
174.6750 -41.4250
174.7250 -41.4250
174.7750 -41.4250
174.8250 -41.4250
174.8750 -41.4250
174.9250 -41.4250
174.9750 -41.4250
175.0250 -41.4250
175.0750 -41.4250
175.1250 -41.4250
175.1750 -41.4250
175.2250 -41.4250
175.2750 -41.4250
175.3250 -41.4250
175.3750 -41.4250
175.4250 -41.4250
175.4750 -41.4250
171.6750 -41.3750
171.7250 -41.3750
171.7750 -41.3750
171.8250 -41.3750
171.8750 -41.3750
171.9250 -41.3750
171.9750 -41.3750
172.0250 -41.3750
172.0750 -41.3750
172.1250 -41.3750
172.1750 -41.3750
172.2250 -41.3750
172.2750 -41.3750
172.3250 -41.3750
172.3750 -41.3750
172.4250 -41.3750
172.4750 -41.3750
172.5250 -41.3750
172.5750 -41.3750
172.6250 -41.3750
172.6750 -41.3750
172.7250 -41.3750
172.7750 -41.3750
172.8250 -41.3750
172.8750 -41.3750
172.9250 -41.3750
172.9750 -41.3750
173.0250 -41.3750
173.0750 -41.3750
173.1250 -41.3750
173.1750 -41.3750
173.2250 -41.3750
173.2750 -41.3750
173.3250 -41.3750
173.3750 -41.3750
173.4250 -41.3750
173.4750 -41.3750
173.5250 -41.3750
173.5750 -41.3750
173.6250 -41.3750
173.6750 -41.3750
173.7250 -41.3750
173.7750 -41.3750
173.8250 -41.3750
173.8750 -41.3750
173.9250 -41.3750
173.9750 -41.3750
174.0250 -41.3750
174.0750 -41.3750
174.1250 -41.3750
174.1750 -41.3750
174.2250 -41.3750
174.2750 -41.3750
174.3250 -41.3750
174.3750 -41.3750
174.4250 -41.3750
174.4750 -41.3750
174.5250 -41.3750
174.5750 -41.3750
174.6250 -41.3750
174.6750 -41.3750
174.7250 -41.3750
174.7750 -41.3750
174.8250 -41.3750
174.8750 -41.3750
174.9250 -41.3750
174.9750 -41.3750
175.0250 -41.3750
175.0750 -41.3750
175.1250 -41.3750
175.1750 -41.3750
175.2250 -41.3750
175.2750 -41.3750
175.3250 -41.3750
175.3750 -41.3750
175.4250 -41.3750
175.4750 -41.3750
171.6750 -41.3250
171.7250 -41.3250
171.7750 -41.3250
171.8250 -41.3250
171.8750 -41.3250
171.9250 -41.3250
171.9750 -41.3250
172.0250 -41.3250
172.0750 -41.3250
172.1250 -41.3250
172.1750 -41.3250
172.2250 -41.3250
172.2750 -41.3250
172.3250 -41.3250
172.3750 -41.3250
172.4250 -41.3250
172.4750 -41.3250
172.5250 -41.3250
172.5750 -41.3250
172.6250 -41.3250
172.6750 -41.3250
172.7250 -41.3250
172.7750 -41.3250
172.8250 -41.3250
172.8750 -41.3250
172.9250 -41.3250
172.9750 -41.3250
173.0250 -41.3250
173.0750 -41.3250
173.1250 -41.3250
173.1750 -41.3250
173.2250 -41.3250
173.2750 -41.3250
173.3250 -41.3250
173.3750 -41.3250
173.4250 -41.3250
173.4750 -41.3250
173.5250 -41.3250
173.5750 -41.3250
173.6250 -41.3250
173.6750 -41.3250
173.7250 -41.3250
173.7750 -41.3250
173.8250 -41.3250
173.8750 -41.3250
173.9250 -41.3250
173.9750 -41.3250
174.0250 -41.3250
174.0750 -41.3250
174.1250 -41.3250
174.1750 -41.3250
174.2250 -41.3250
174.2750 -41.3250
174.3250 -41.3250
174.3750 -41.3250
174.4250 -41.3250
174.4750 -41.3250
174.5250 -41.3250
174.5750 -41.3250
174.6250 -41.3250
174.6750 -41.3250
174.7250 -41.3250
174.7750 -41.3250
174.8250 -41.3250
174.8750 -41.3250
174.9250 -41.3250
174.9750 -41.3250
175.0250 -41.3250
175.0750 -41.3250
175.1250 -41.3250
175.1750 -41.3250
175.2250 -41.3250
175.2750 -41.3250
175.3250 -41.3250
175.3750 -41.3250
175.4250 -41.3250
175.4750 -41.3250
171.6750 -41.2750
171.7250 -41.2750
171.7750 -41.2750
171.8250 -41.2750
171.8750 -41.2750
171.9250 -41.2750
171.9750 -41.2750
172.0250 -41.2750
172.0750 -41.2750
172.1250 -41.2750
172.1750 -41.2750
172.2250 -41.2750
172.2750 -41.2750
172.3250 -41.2750
172.3750 -41.2750
172.4250 -41.2750
172.4750 -41.2750
172.5250 -41.2750
172.5750 -41.2750
172.6250 -41.2750
172.6750 -41.2750
172.7250 -41.2750
172.7750 -41.2750
172.8250 -41.2750
172.8750 -41.2750
172.9250 -41.2750
172.9750 -41.2750
173.0250 -41.2750
173.0750 -41.2750
173.1250 -41.2750
173.1750 -41.2750
173.2250 -41.2750
173.2750 -41.2750
173.3250 -41.2750
173.3750 -41.2750
173.4250 -41.2750
173.4750 -41.2750
173.5250 -41.2750
173.5750 -41.2750
173.6250 -41.2750
173.6750 -41.2750
173.7250 -41.2750
173.7750 -41.2750
173.8250 -41.2750
173.8750 -41.2750
173.9250 -41.2750
173.9750 -41.2750
174.0250 -41.2750
174.0750 -41.2750
174.1250 -41.2750
174.1750 -41.2750
174.2250 -41.2750
174.2750 -41.2750
174.3250 -41.2750
174.3750 -41.2750
174.4250 -41.2750
174.4750 -41.2750
174.5250 -41.2750
174.5750 -41.2750
174.6250 -41.2750
174.6750 -41.2750
174.7250 -41.2750
174.7750 -41.2750
174.8250 -41.2750
174.8750 -41.2750
174.9250 -41.2750
174.9750 -41.2750
175.0250 -41.2750
175.0750 -41.2750
175.1250 -41.2750
175.1750 -41.2750
175.2250 -41.2750
175.2750 -41.2750
175.3250 -41.2750
175.3750 -41.2750
175.4250 -41.2750
175.4750 -41.2750
171.6750 -41.2250
171.7250 -41.2250
171.7750 -41.2250
171.8250 -41.2250
171.8750 -41.2250
171.9250 -41.2250
171.9750 -41.2250
172.0250 -41.2250
172.0750 -41.2250
172.1250 -41.2250
172.1750 -41.2250
172.2250 -41.2250
172.2750 -41.2250
172.3250 -41.2250
172.3750 -41.2250
172.4250 -41.2250
172.4750 -41.2250
172.5250 -41.2250
172.5750 -41.2250
172.6250 -41.2250
172.6750 -41.2250
172.7250 -41.2250
172.7750 -41.2250
172.8250 -41.2250
172.8750 -41.2250
172.9250 -41.2250
172.9750 -41.2250
173.0250 -41.2250
173.0750 -41.2250
173.1250 -41.2250
173.1750 -41.2250
173.2250 -41.2250
173.2750 -41.2250
173.3250 -41.2250
173.3750 -41.2250
173.4250 -41.2250
173.4750 -41.2250
173.5250 -41.2250
173.5750 -41.2250
173.6250 -41.2250
173.6750 -41.2250
173.7250 -41.2250
173.7750 -41.2250
173.8250 -41.2250
173.8750 -41.2250
173.9250 -41.2250
173.9750 -41.2250
174.0250 -41.2250
174.0750 -41.2250
174.1250 -41.2250
174.1750 -41.2250
174.2250 -41.2250
174.2750 -41.2250
174.3250 -41.2250
174.3750 -41.2250
174.4250 -41.2250
174.4750 -41.2250
174.5250 -41.2250
174.5750 -41.2250
174.6250 -41.2250
174.6750 -41.2250
174.7250 -41.2250
174.7750 -41.2250
174.8250 -41.2250
174.8750 -41.2250
174.9250 -41.2250
174.9750 -41.2250
175.0250 -41.2250
175.0750 -41.2250
175.1250 -41.2250
175.1750 -41.2250
175.2250 -41.2250
175.2750 -41.2250
175.3250 -41.2250
175.3750 -41.2250
175.4250 -41.2250
175.4750 -41.2250
171.6750 -41.1750
171.7250 -41.1750
171.7750 -41.1750
171.8250 -41.1750
171.8750 -41.1750
171.9250 -41.1750
171.9750 -41.1750
172.0250 -41.1750
172.0750 -41.1750
172.1250 -41.1750
172.1750 -41.1750
172.2250 -41.1750
172.2750 -41.1750
172.3250 -41.1750
172.3750 -41.1750
172.4250 -41.1750
172.4750 -41.1750
172.5250 -41.1750
172.5750 -41.1750
172.6250 -41.1750
172.6750 -41.1750
172.7250 -41.1750
172.7750 -41.1750
172.8250 -41.1750
172.8750 -41.1750
172.9250 -41.1750
172.9750 -41.1750
173.0250 -41.1750
173.0750 -41.1750
173.1250 -41.1750
173.1750 -41.1750
173.2250 -41.1750
173.2750 -41.1750
173.3250 -41.1750
173.3750 -41.1750
173.4250 -41.1750
173.4750 -41.1750
173.5250 -41.1750
173.5750 -41.1750
173.6250 -41.1750
173.6750 -41.1750
173.7250 -41.1750
173.7750 -41.1750
173.8250 -41.1750
173.8750 -41.1750
173.9250 -41.1750
173.9750 -41.1750
174.0250 -41.1750
174.0750 -41.1750
174.1250 -41.1750
174.1750 -41.1750
174.2250 -41.1750
174.2750 -41.1750
174.3250 -41.1750
174.3750 -41.1750
174.4250 -41.1750
174.4750 -41.1750
174.5250 -41.1750
174.5750 -41.1750
174.6250 -41.1750
174.6750 -41.1750
174.7250 -41.1750
174.7750 -41.1750
174.8250 -41.1750
174.8750 -41.1750
174.9250 -41.1750
174.9750 -41.1750
175.0250 -41.1750
175.0750 -41.1750
175.1250 -41.1750
175.1750 -41.1750
175.2250 -41.1750
175.2750 -41.1750
175.3250 -41.1750
175.3750 -41.1750
175.4250 -41.1750
175.4750 -41.1750
171.6750 -41.1250
171.7250 -41.1250
171.7750 -41.1250
171.8250 -41.1250
171.8750 -41.1250
171.9250 -41.1250
171.9750 -41.1250
172.0250 -41.1250
172.0750 -41.1250
172.1250 -41.1250
172.1750 -41.1250
172.2250 -41.1250
172.2750 -41.1250
172.3250 -41.1250
172.3750 -41.1250
172.4250 -41.1250
172.4750 -41.1250
172.5250 -41.1250
172.5750 -41.1250
172.6250 -41.1250
172.6750 -41.1250
172.7250 -41.1250
172.7750 -41.1250
172.8250 -41.1250
172.8750 -41.1250
172.9250 -41.1250
172.9750 -41.1250
173.0250 -41.1250
173.0750 -41.1250
173.1250 -41.1250
173.1750 -41.1250
173.2250 -41.1250
173.2750 -41.1250
173.3250 -41.1250
173.3750 -41.1250
173.4250 -41.1250
173.4750 -41.1250
173.5250 -41.1250
173.5750 -41.1250
173.6250 -41.1250
173.6750 -41.1250
173.7250 -41.1250
173.7750 -41.1250
173.8250 -41.1250
173.8750 -41.1250
173.9250 -41.1250
173.9750 -41.1250
174.0250 -41.1250
174.0750 -41.1250
174.1250 -41.1250
174.1750 -41.1250
174.2250 -41.1250
174.2750 -41.1250
174.3250 -41.1250
174.3750 -41.1250
174.4250 -41.1250
174.4750 -41.1250
174.5250 -41.1250
174.5750 -41.1250
174.6250 -41.1250
174.6750 -41.1250
174.7250 -41.1250
174.7750 -41.1250
174.8250 -41.1250
174.8750 -41.1250
174.9250 -41.1250
174.9750 -41.1250
175.0250 -41.1250
175.0750 -41.1250
175.1250 -41.1250
175.1750 -41.1250
175.2250 -41.1250
175.2750 -41.1250
175.3250 -41.1250
175.3750 -41.1250
175.4250 -41.1250
175.4750 -41.1250
171.6750 -41.0750
171.7250 -41.0750
171.7750 -41.0750
171.8250 -41.0750
171.8750 -41.0750
171.9250 -41.0750
171.9750 -41.0750
172.0250 -41.0750
172.0750 -41.0750
172.1250 -41.0750
172.1750 -41.0750
172.2250 -41.0750
172.2750 -41.0750
172.3250 -41.0750
172.3750 -41.0750
172.4250 -41.0750
172.4750 -41.0750
172.5250 -41.0750
172.5750 -41.0750
172.6250 -41.0750
172.6750 -41.0750
172.7250 -41.0750
172.7750 -41.0750
172.8250 -41.0750
172.8750 -41.0750
172.9250 -41.0750
172.9750 -41.0750
173.0250 -41.0750
173.0750 -41.0750
173.1250 -41.0750
173.1750 -41.0750
173.2250 -41.0750
173.2750 -41.0750
173.3250 -41.0750
173.3750 -41.0750
173.4250 -41.0750
173.4750 -41.0750
173.5250 -41.0750
173.5750 -41.0750
173.6250 -41.0750
173.6750 -41.0750
173.7250 -41.0750
173.7750 -41.0750
173.8250 -41.0750
173.8750 -41.0750
173.9250 -41.0750
173.9750 -41.0750
174.0250 -41.0750
174.0750 -41.0750
174.1250 -41.0750
174.1750 -41.0750
174.2250 -41.0750
174.2750 -41.0750
174.3250 -41.0750
174.3750 -41.0750
174.4250 -41.0750
174.4750 -41.0750
174.5250 -41.0750
174.5750 -41.0750
174.6250 -41.0750
174.6750 -41.0750
174.7250 -41.0750
174.7750 -41.0750
174.8250 -41.0750
174.8750 -41.0750
174.9250 -41.0750
174.9750 -41.0750
175.0250 -41.0750
175.0750 -41.0750
175.1250 -41.0750
175.1750 -41.0750
175.2250 -41.0750
175.2750 -41.0750
175.3250 -41.0750
175.3750 -41.0750
175.4250 -41.0750
175.4750 -41.0750
171.6750 -41.0250
171.7250 -41.0250
171.7750 -41.0250
171.8250 -41.0250
171.8750 -41.0250
171.9250 -41.0250
171.9750 -41.0250
172.0250 -41.0250
172.0750 -41.0250
172.1250 -41.0250
172.1750 -41.0250
172.2250 -41.0250
172.2750 -41.0250
172.3250 -41.0250
172.3750 -41.0250
172.4250 -41.0250
172.4750 -41.0250
172.5250 -41.0250
172.5750 -41.0250
172.6250 -41.0250
172.6750 -41.0250
172.7250 -41.0250
172.7750 -41.0250
172.8250 -41.0250
172.8750 -41.0250
172.9250 -41.0250
172.9750 -41.0250
173.0250 -41.0250
173.0750 -41.0250
173.1250 -41.0250
173.1750 -41.0250
173.2250 -41.0250
173.2750 -41.0250
173.3250 -41.0250
173.3750 -41.0250
173.4250 -41.0250
173.4750 -41.0250
173.5250 -41.0250
173.5750 -41.0250
173.6250 -41.0250
173.6750 -41.0250
173.7250 -41.0250
173.7750 -41.0250
173.8250 -41.0250
173.8750 -41.0250
173.9250 -41.0250
173.9750 -41.0250
174.0250 -41.0250
174.0750 -41.0250
174.1250 -41.0250
174.1750 -41.0250
174.2250 -41.0250
174.2750 -41.0250
174.3250 -41.0250
174.3750 -41.0250
174.4250 -41.0250
174.4750 -41.0250
174.5250 -41.0250
174.5750 -41.0250
174.6250 -41.0250
174.6750 -41.0250
174.7250 -41.0250
174.7750 -41.0250
174.8250 -41.0250
174.8750 -41.0250
174.9250 -41.0250
174.9750 -41.0250
175.0250 -41.0250
175.0750 -41.0250
175.1250 -41.0250
175.1750 -41.0250
175.2250 -41.0250
175.2750 -41.0250
175.3250 -41.0250
175.3750 -41.0250
175.4250 -41.0250
175.4750 -41.0250
171.6750 -40.9750
171.7250 -40.9750
171.7750 -40.9750
171.8250 -40.9750
171.8750 -40.9750
171.9250 -40.9750
171.9750 -40.9750
172.0250 -40.9750
172.0750 -40.9750
172.1250 -40.9750
172.1750 -40.9750
172.2250 -40.9750
172.2750 -40.9750
172.3250 -40.9750
172.3750 -40.9750
172.4250 -40.9750
172.4750 -40.9750
172.5250 -40.9750
172.5750 -40.9750
172.6250 -40.9750
172.6750 -40.9750
172.7250 -40.9750
172.7750 -40.9750
172.8250 -40.9750
172.8750 -40.9750
172.9250 -40.9750
172.9750 -40.9750
173.0250 -40.9750
173.0750 -40.9750
173.1250 -40.9750
173.1750 -40.9750
173.2250 -40.9750
173.2750 -40.9750
173.3250 -40.9750
173.3750 -40.9750
173.4250 -40.9750
173.4750 -40.9750
173.5250 -40.9750
173.5750 -40.9750
173.6250 -40.9750
173.6750 -40.9750
173.7250 -40.9750
173.7750 -40.9750
173.8250 -40.9750
173.8750 -40.9750
173.9250 -40.9750
173.9750 -40.9750
174.0250 -40.9750
174.0750 -40.9750
174.1250 -40.9750
174.1750 -40.9750
174.2250 -40.9750
174.2750 -40.9750
174.3250 -40.9750
174.3750 -40.9750
174.4250 -40.9750
174.4750 -40.9750
174.5250 -40.9750
174.5750 -40.9750
174.6250 -40.9750
174.6750 -40.9750
174.7250 -40.9750
174.7750 -40.9750
174.8250 -40.9750
174.8750 -40.9750
174.9250 -40.9750
174.9750 -40.9750
175.0250 -40.9750
175.0750 -40.9750
175.1250 -40.9750
175.1750 -40.9750
175.2250 -40.9750
175.2750 -40.9750
175.3250 -40.9750
175.3750 -40.9750
175.4250 -40.9750
175.4750 -40.9750
171.6750 -40.9250
171.7250 -40.9250
171.7750 -40.9250
171.8250 -40.9250
171.8750 -40.9250
171.9250 -40.9250
171.9750 -40.9250
172.0250 -40.9250
172.0750 -40.9250
172.1250 -40.9250
172.1750 -40.9250
172.2250 -40.9250
172.2750 -40.9250
172.3250 -40.9250
172.3750 -40.9250
172.4250 -40.9250
172.4750 -40.9250
172.5250 -40.9250
172.5750 -40.9250
172.6250 -40.9250
172.6750 -40.9250
172.7250 -40.9250
172.7750 -40.9250
172.8250 -40.9250
172.8750 -40.9250
172.9250 -40.9250
172.9750 -40.9250
173.0250 -40.9250
173.0750 -40.9250
173.1250 -40.9250
173.1750 -40.9250
173.2250 -40.9250
173.2750 -40.9250
173.3250 -40.9250
173.3750 -40.9250
173.4250 -40.9250
173.4750 -40.9250
173.5250 -40.9250
173.5750 -40.9250
173.6250 -40.9250
173.6750 -40.9250
173.7250 -40.9250
173.7750 -40.9250
173.8250 -40.9250
173.8750 -40.9250
173.9250 -40.9250
173.9750 -40.9250
174.0250 -40.9250
174.0750 -40.9250
174.1250 -40.9250
174.1750 -40.9250
174.2250 -40.9250
174.2750 -40.9250
174.3250 -40.9250
174.3750 -40.9250
174.4250 -40.9250
174.4750 -40.9250
174.5250 -40.9250
174.5750 -40.9250
174.6250 -40.9250
174.6750 -40.9250
174.7250 -40.9250
174.7750 -40.9250
174.8250 -40.9250
174.8750 -40.9250
174.9250 -40.9250
174.9750 -40.9250
175.0250 -40.9250
175.0750 -40.9250
175.1250 -40.9250
175.1750 -40.9250
175.2250 -40.9250
175.2750 -40.9250
175.3250 -40.9250
175.3750 -40.9250
175.4250 -40.9250
175.4750 -40.9250
171.6750 -40.8750
171.7250 -40.8750
171.7750 -40.8750
171.8250 -40.8750
171.8750 -40.8750
171.9250 -40.8750
171.9750 -40.8750
172.0250 -40.8750
172.0750 -40.8750
172.1250 -40.8750
172.1750 -40.8750
172.2250 -40.8750
172.2750 -40.8750
172.3250 -40.8750
172.3750 -40.8750
172.4250 -40.8750
172.4750 -40.8750
172.5250 -40.8750
172.5750 -40.8750
172.6250 -40.8750
172.6750 -40.8750
172.7250 -40.8750
172.7750 -40.8750
172.8250 -40.8750
172.8750 -40.8750
172.9250 -40.8750
172.9750 -40.8750
173.0250 -40.8750
173.0750 -40.8750
173.1250 -40.8750
173.1750 -40.8750
173.2250 -40.8750
173.2750 -40.8750
173.3250 -40.8750
173.3750 -40.8750
173.4250 -40.8750
173.4750 -40.8750
173.5250 -40.8750
173.5750 -40.8750
173.6250 -40.8750
173.6750 -40.8750
173.7250 -40.8750
173.7750 -40.8750
173.8250 -40.8750
173.8750 -40.8750
173.9250 -40.8750
173.9750 -40.8750
174.0250 -40.8750
174.0750 -40.8750
174.1250 -40.8750
174.1750 -40.8750
174.2250 -40.8750
174.2750 -40.8750
174.3250 -40.8750
174.3750 -40.8750
174.4250 -40.8750
174.4750 -40.8750
174.5250 -40.8750
174.5750 -40.8750
174.6250 -40.8750
174.6750 -40.8750
174.7250 -40.8750
174.7750 -40.8750
174.8250 -40.8750
174.8750 -40.8750
174.9250 -40.8750
174.9750 -40.8750
175.0250 -40.8750
175.0750 -40.8750
175.1250 -40.8750
175.1750 -40.8750
175.2250 -40.8750
175.2750 -40.8750
175.3250 -40.8750
175.3750 -40.8750
175.4250 -40.8750
175.4750 -40.8750
171.6750 -40.8250
171.7250 -40.8250
171.7750 -40.8250
171.8250 -40.8250
171.8750 -40.8250
171.9250 -40.8250
171.9750 -40.8250
172.0250 -40.8250
172.0750 -40.8250
172.1250 -40.8250
172.1750 -40.8250
172.2250 -40.8250
172.2750 -40.8250
172.3250 -40.8250
172.3750 -40.8250
172.4250 -40.8250
172.4750 -40.8250
172.5250 -40.8250
172.5750 -40.8250
172.6250 -40.8250
172.6750 -40.8250
172.7250 -40.8250
172.7750 -40.8250
172.8250 -40.8250
172.8750 -40.8250
172.9250 -40.8250
172.9750 -40.8250
173.0250 -40.8250
173.0750 -40.8250
173.1250 -40.8250
173.1750 -40.8250
173.2250 -40.8250
173.2750 -40.8250
173.3250 -40.8250
173.3750 -40.8250
173.4250 -40.8250
173.4750 -40.8250
173.5250 -40.8250
173.5750 -40.8250
173.6250 -40.8250
173.6750 -40.8250
173.7250 -40.8250
173.7750 -40.8250
173.8250 -40.8250
173.8750 -40.8250
173.9250 -40.8250
173.9750 -40.8250
174.0250 -40.8250
174.0750 -40.8250
174.1250 -40.8250
174.1750 -40.8250
174.2250 -40.8250
174.2750 -40.8250
174.3250 -40.8250
174.3750 -40.8250
174.4250 -40.8250
174.4750 -40.8250
174.5250 -40.8250
174.5750 -40.8250
174.6250 -40.8250
174.6750 -40.8250
174.7250 -40.8250
174.7750 -40.8250
174.8250 -40.8250
174.8750 -40.8250
174.9250 -40.8250
174.9750 -40.8250
175.0250 -40.8250
175.0750 -40.8250
175.1250 -40.8250
175.1750 -40.8250
175.2250 -40.8250
175.2750 -40.8250
175.3250 -40.8250
175.3750 -40.8250
175.4250 -40.8250
175.4750 -40.8250
171.6750 -40.7750
171.7250 -40.7750
171.7750 -40.7750
171.8250 -40.7750
171.8750 -40.7750
171.9250 -40.7750
171.9750 -40.7750
172.0250 -40.7750
172.0750 -40.7750
172.1250 -40.7750
172.1750 -40.7750
172.2250 -40.7750
172.2750 -40.7750
172.3250 -40.7750
172.3750 -40.7750
172.4250 -40.7750
172.4750 -40.7750
172.5250 -40.7750
172.5750 -40.7750
172.6250 -40.7750
172.6750 -40.7750
172.7250 -40.7750
172.7750 -40.7750
172.8250 -40.7750
172.8750 -40.7750
172.9250 -40.7750
172.9750 -40.7750
173.0250 -40.7750
173.0750 -40.7750
173.1250 -40.7750
173.1750 -40.7750
173.2250 -40.7750
173.2750 -40.7750
173.3250 -40.7750
173.3750 -40.7750
173.4250 -40.7750
173.4750 -40.7750
173.5250 -40.7750
173.5750 -40.7750
173.6250 -40.7750
173.6750 -40.7750
173.7250 -40.7750
173.7750 -40.7750
173.8250 -40.7750
173.8750 -40.7750
173.9250 -40.7750
173.9750 -40.7750
174.0250 -40.7750
174.0750 -40.7750
174.1250 -40.7750
174.1750 -40.7750
174.2250 -40.7750
174.2750 -40.7750
174.3250 -40.7750
174.3750 -40.7750
174.4250 -40.7750
174.4750 -40.7750
174.5250 -40.7750
174.5750 -40.7750
174.6250 -40.7750
174.6750 -40.7750
174.7250 -40.7750
174.7750 -40.7750
174.8250 -40.7750
174.8750 -40.7750
174.9250 -40.7750
174.9750 -40.7750
175.0250 -40.7750
175.0750 -40.7750
175.1250 -40.7750
175.1750 -40.7750
175.2250 -40.7750
175.2750 -40.7750
175.3250 -40.7750
175.3750 -40.7750
175.4250 -40.7750
175.4750 -40.7750
171.6750 -40.7250
171.7250 -40.7250
171.7750 -40.7250
171.8250 -40.7250
171.8750 -40.7250
171.9250 -40.7250
171.9750 -40.7250
172.0250 -40.7250
172.0750 -40.7250
172.1250 -40.7250
172.1750 -40.7250
172.2250 -40.7250
172.2750 -40.7250
172.3250 -40.7250
172.3750 -40.7250
172.4250 -40.7250
172.4750 -40.7250
172.5250 -40.7250
172.5750 -40.7250
172.6250 -40.7250
172.6750 -40.7250
172.7250 -40.7250
172.7750 -40.7250
172.8250 -40.7250
172.8750 -40.7250
172.9250 -40.7250
172.9750 -40.7250
173.0250 -40.7250
173.0750 -40.7250
173.1250 -40.7250
173.1750 -40.7250
173.2250 -40.7250
173.2750 -40.7250
173.3250 -40.7250
173.3750 -40.7250
173.4250 -40.7250
173.4750 -40.7250
173.5250 -40.7250
173.5750 -40.7250
173.6250 -40.7250
173.6750 -40.7250
173.7250 -40.7250
173.7750 -40.7250
173.8250 -40.7250
173.8750 -40.7250
173.9250 -40.7250
173.9750 -40.7250
174.0250 -40.7250
174.0750 -40.7250
174.1250 -40.7250
174.1750 -40.7250
174.2250 -40.7250
174.2750 -40.7250
174.3250 -40.7250
174.3750 -40.7250
174.4250 -40.7250
174.4750 -40.7250
174.5250 -40.7250
174.5750 -40.7250
174.6250 -40.7250
174.6750 -40.7250
174.7250 -40.7250
174.7750 -40.7250
174.8250 -40.7250
174.8750 -40.7250
174.9250 -40.7250
174.9750 -40.7250
175.0250 -40.7250
175.0750 -40.7250
175.1250 -40.7250
175.1750 -40.7250
175.2250 -40.7250
175.2750 -40.7250
175.3250 -40.7250
175.3750 -40.7250
175.4250 -40.7250
175.4750 -40.7250
